game,day,buyerGD_0.value,buyerGD_1.value,buyerGD_2.value,buyerGD_3.value,buyerGD_4.value,buyerRE_0.value,buyerRE_1.value,buyerRE_2.value,buyerRE_3.value,buyerRE_4.value,buyerZIC_0.value,buyerZIC_1.value,buyerZIC_2.value,buyerZIC_3.value,buyerZIC_4.value,buyerZIP_0.value,buyerZIP_1.value,buyerZIP_2.value,buyerZIP_3.value,buyerZIP_4.value,sellerGD_0.value,sellerGD_1.value,sellerGD_2.value,sellerGD_3.value,sellerGD_4.value,sellerRE_0.value,sellerRE_1.value,sellerRE_2.value,sellerRE_3.value,sellerRE_4.value,sellerZIC_0.value,sellerZIC_1.value,sellerZIC_2.value,sellerZIC_3.value,sellerZIC_4.value,sellerZIP_0.value,sellerZIP_1.value,sellerZIP_2.value,sellerZIP_3.value,sellerZIP_4.value
0,0,+72.449,+57.609,+43.329,+1.703,+117.428,+53.155,+101.170,+54.143,+82.710,+7.340,+12.809,+24.675,+52.158,+21.307,+85.912,+84.250,+66.372,+103.152,+142.572,+121.820,+100.297,+98.039,+104.741,+95.026,+97.986,+102.372,+101.318,+97.742,+104.891,+103.734,+96.897,+96.739,+96.122,+100.887,+98.955,+101.952,+96.883,+96.637,+103.343,+98.823
0,1,+58.110,+122.354,+21.443,+86.429,+78.545,+124.800,+6.223,+3.757,+86.105,+93.278,+35.799,+155.781,+108.143,+14.776,+47.552,+65.918,+58.150,+18.049,+4.189,+147.962,+96.863,+99.001,+101.137,+100.403,+97.071,+95.042,+102.058,+95.652,+100.330,+95.531,+101.742,+95.001,+98.197,+104.060,+101.553,+95.595,+95.304,+104.441,+104.097,+102.712
0,2,+96.003,+8.663,+75.700,+142.423,+119.161,+20.586,+121.365,+14.164,+80.333,+67.648,+56.960,+102.070,+55.267,+54.725,+59.958,+77.098,+99.695,+80.987,+59.715,+78.036,+100.383,+100.040,+95.128,+100.575,+97.369,+101.028,+97.980,+96.094,+104.763,+100.103,+103.078,+95.979,+97.170,+96.785,+97.947,+96.080,+102.666,+103.495,+98.419,+102.232
0,3,+22.469,+16.566,+16.116,+45.467,+90.044,+39.765,+44.136,+110.096,+53.819,+122.948,+106.916,+89.634,+38.539,+115.920,+24.747,+14.625,+98.264,+75.429,+124.760,+81.348,+96.451,+98.778,+98.131,+102.043,+102.605,+97.959,+99.983,+95.435,+99.488,+96.442,+95.147,+98.056,+102.344,+101.909,+95.745,+98.872,+96.595,+99.031,+95.350,+97.378
0,4,+35.032,+43.815,+117.485,+19.374,+81.183,+33.627,+58.141,+59.205,+18.663,+97.549,+35.742,+87.048,+86.938,+31.631,+80.365,+88.351,+47.541,+156.610,+27.748,+29.537,+98.831,+96.768,+95.061,+99.409,+104.916,+98.939,+97.935,+96.933,+95.661,+98.013,+99.004,+97.435,+96.383,+103.155,+99.372,+101.581,+104.130,+103.062,+104.736,+101.053
0,5,+74.223,+59.171,+78.802,+94.148,+206.246,+109.865,+160.752,+86.710,+34.999,+57.476,+37.488,+82.410,+77.132,+92.611,+131.518,+69.719,+10.926,+46.436,+123.100,+115.270,+96.419,+100.148,+101.676,+96.456,+103.420,+96.779,+98.778,+104.565,+98.808,+102.309,+102.448,+98.336,+98.295,+99.175,+97.485,+102.216,+98.226,+98.299,+103.237,+101.475
0,6,+64.321,+132.635,+42.157,+59.988,+81.142,+73.610,+26.475,+140.884,+31.454,+137.854,+88.753,+69.658,+109.347,+54.929,+1.033,+124.305,+87.612,+108.863,+69.165,+133.857,+102.484,+98.076,+100.690,+98.055,+103.374,+103.988,+103.493,+101.310,+103.491,+102.125,+96.323,+101.051,+95.113,+99.444,+102.112,+95.543,+104.754,+98.809,+97.128,+98.599
0,7,+16.053,+11.779,+35.447,+78.420,+101.916,+64.902,+208.161,+95.998,+50.640,+52.854,+114.053,+35.015,+79.415,+17.479,+52.331,+166.399,+36.230,+33.637,+149.725,+94.275,+98.782,+103.423,+97.092,+104.459,+96.382,+104.078,+102.887,+103.868,+98.040,+97.720,+102.787,+97.561,+96.170,+99.476,+98.044,+96.425,+97.969,+100.524,+100.569,+102.740
0,8,+111.258,+29.091,+45.745,+64.611,+43.499,+169.740,+47.230,+52.185,+126.547,+63.461,+51.347,+73.682,+94.441,+82.804,+153.524,+55.906,+89.132,+66.601,+167.433,+44.815,+99.697,+100.803,+102.739,+97.674,+95.379,+99.544,+103.597,+101.090,+104.823,+99.460,+103.959,+98.168,+100.840,+100.275,+96.020,+100.900,+96.438,+101.580,+98.570,+102.000
0,9,+62.185,+42.472,+108.396,+131.929,+99.918,+43.586,+35.467,+90.273,+86.940,+18.788,+118.139,+108.965,+88.524,+64.147,+125.467,+111.790,+148.205,+147.725,+116.582,+96.791,+96.813,+98.154,+99.166,+100.280,+103.627,+104.851,+97.933,+96.671,+102.906,+95.198,+99.332,+98.758,+97.083,+95.401,+95.374,+98.207,+98.692,+102.678,+100.737,+97.077
0,10,+131.028,+150.339,+124.399,+105.164,+136.920,+120.165,+57.912,+115.570,+96.793,+88.208,+64.958,+85.394,+70.007,+75.472,+116.944,+91.732,+75.795,+62.817,+101.701,+44.418,+98.646,+95.936,+97.979,+100.282,+97.287,+104.463,+104.860,+104.973,+96.370,+96.924,+100.528,+101.784,+98.276,+98.162,+98.326,+95.074,+97.174,+95.388,+104.115,+96.443
0,11,+51.951,+158.770,+47.617,+81.563,+119.641,+71.765,+72.860,+60.804,+89.065,+109.160,+58.448,+18.483,+72.404,+67.093,+82.693,+78.712,+61.903,+75.511,+95.591,+107.428,+101.526,+104.137,+102.469,+103.006,+100.216,+103.971,+98.495,+101.402,+102.950,+101.845,+95.379,+100.858,+103.609,+101.629,+95.634,+103.885,+104.386,+101.492,+98.976,+102.197
0,12,+71.666,+33.906,+125.016,+133.878,+102.970,+95.010,+85.883,+98.094,+72.920,+100.536,+114.054,+88.697,+109.347,+126.004,+102.411,+87.426,+82.552,+42.638,+130.437,+110.412,+102.904,+98.371,+101.719,+103.924,+100.724,+99.812,+101.205,+97.189,+101.512,+100.538,+95.313,+100.035,+96.962,+103.943,+98.426,+95.405,+102.848,+97.652,+99.350,+101.719
0,13,+83.460,+50.576,+112.333,+93.546,+56.211,+98.454,+122.500,+71.381,+51.856,+56.566,+43.118,+107.912,+70.544,+100.970,+101.458,+69.003,+144.119,+26.471,+86.595,+70.196,+103.563,+95.304,+99.295,+101.062,+102.225,+102.995,+96.907,+99.804,+96.816,+98.511,+101.435,+97.322,+104.227,+101.386,+104.384,+100.812,+98.805,+95.533,+99.300,+104.403
0,14,+63.857,+104.997,+107.351,+73.142,+85.679,+70.040,+45.569,+59.314,+140.725,+108.293,+34.920,+115.312,+117.740,+111.196,+97.993,+114.099,+45.654,+88.049,+94.977,+173.961,+101.764,+102.221,+99.004,+103.692,+97.804,+98.433,+103.947,+103.636,+104.385,+99.391,+97.313,+104.643,+96.827,+96.733,+98.309,+99.372,+104.359,+99.029,+95.694,+102.471
0,15,+97.091,+94.953,+153.111,+123.693,+111.831,+95.260,+86.756,+42.813,+97.194,+53.209,+104.226,+109.741,+56.425,+84.907,+110.029,+42.506,+117.346,+80.606,+59.505,+84.159,+101.773,+97.280,+102.364,+101.872,+103.187,+104.670,+103.964,+95.821,+100.049,+99.120,+95.263,+95.682,+101.912,+104.846,+100.258,+98.005,+100.876,+101.172,+103.734,+100.588
0,16,+102.490,+125.142,+118.299,+122.505,+102.901,+119.771,+91.716,+89.908,+49.419,+92.344,+75.544,+21.754,+121.140,+135.871,+85.297,+129.775,+87.291,+149.522,+77.438,+103.365,+97.599,+100.607,+97.766,+101.518,+97.437,+103.661,+102.012,+98.905,+102.432,+99.439,+102.522,+99.870,+102.456,+100.804,+95.271,+100.879,+103.867,+97.134,+101.455,+95.340
0,17,+61.049,+54.788,+74.997,+29.235,+112.990,+135.662,+128.276,+73.832,+37.868,+60.036,+118.661,+80.001,+85.629,+158.267,+111.683,+71.155,+61.078,+86.268,+78.361,+85.613,+102.877,+103.437,+98.359,+102.724,+95.694,+97.265,+100.548,+96.354,+102.418,+95.579,+101.558,+101.937,+104.363,+100.177,+100.292,+95.002,+98.468,+104.339,+103.813,+99.240
0,18,+23.264,+91.416,+92.487,+34.868,+79.364,+89.072,+47.142,+56.937,+48.471,+95.834,+75.013,+139.512,+85.039,+124.421,+50.032,+63.390,+27.391,+57.640,+56.152,+107.094,+104.342,+101.340,+99.639,+95.947,+98.484,+102.752,+101.600,+101.083,+103.740,+95.068,+102.572,+101.821,+102.678,+99.067,+101.237,+98.684,+101.763,+101.155,+98.022,+96.306
0,19,+40.882,+81.597,+103.653,+52.302,+71.661,+118.859,+128.095,+93.276,+86.422,+109.394,+126.169,+145.235,+142.878,+120.738,+67.833,+133.742,+139.612,+87.465,+128.375,+83.415,+102.733,+101.686,+97.543,+98.903,+102.244,+99.935,+100.558,+103.807,+98.110,+95.391,+95.522,+99.787,+96.278,+95.703,+104.451,+100.642,+98.157,+100.056,+103.483,+97.270
0,20,+106.137,+126.522,+47.570,+106.060,+59.592,+53.282,+80.824,+112.472,+82.715,+79.175,+64.117,+50.063,+63.321,+31.550,+131.843,+109.589,+105.516,+120.668,+41.909,+83.360,+95.797,+97.216,+103.308,+96.184,+102.119,+96.724,+95.537,+99.496,+101.920,+100.989,+103.875,+97.427,+100.458,+101.746,+96.405,+104.012,+102.948,+103.002,+96.262,+103.807
0,21,+107.160,+112.741,+86.647,+134.290,+135.599,+96.703,+60.331,+63.379,+109.906,+132.438,+77.595,+83.194,+117.734,+141.317,+59.243,+157.223,+92.430,+75.920,+108.693,+98.002,+102.397,+97.578,+104.295,+104.207,+97.971,+104.429,+104.529,+102.857,+100.871,+101.048,+101.802,+97.086,+95.961,+97.789,+98.830,+103.761,+99.476,+101.570,+102.094,+101.562
0,22,+125.835,+78.552,+73.968,+71.258,+51.720,+32.749,+123.071,+97.362,+100.269,+107.813,+96.557,+57.271,+74.717,+86.077,+121.223,+70.914,+79.885,+104.432,+96.914,+89.055,+102.115,+104.632,+101.952,+102.776,+102.736,+97.876,+103.855,+104.223,+96.869,+96.165,+98.511,+103.487,+103.031,+97.285,+102.789,+102.927,+95.154,+98.827,+97.659,+101.987
0,23,+77.954,+83.424,+92.042,+128.575,+62.027,+91.539,+121.561,+97.600,+21.668,+91.695,+56.112,+96.528,+69.436,+92.226,+53.307,+103.268,+46.481,+125.372,+76.427,+129.163,+101.583,+98.777,+100.924,+104.830,+95.847,+102.444,+102.655,+99.031,+99.524,+98.070,+102.275,+101.741,+97.239,+104.206,+101.085,+103.813,+97.019,+104.470,+102.836,+95.101
0,24,+90.793,+133.458,+83.117,+140.373,+86.977,+50.966,+93.716,+72.214,+87.421,+135.665,+29.604,+67.022,+89.799,+146.484,+104.406,+95.464,+29.182,+101.660,+106.710,+118.061,+97.087,+103.903,+100.839,+95.503,+99.634,+97.110,+97.994,+100.857,+103.019,+103.098,+99.666,+103.046,+99.981,+104.010,+95.080,+98.322,+97.479,+96.929,+95.937,+102.546
0,25,+105.897,+57.814,+83.468,+102.109,+127.465,+76.912,+132.212,+79.423,+94.631,+97.457,+75.437,+100.521,+99.180,+108.031,+87.573,+109.066,+94.261,+98.585,+78.066,+59.546,+98.694,+102.906,+95.333,+98.030,+97.599,+98.572,+102.246,+96.157,+103.641,+102.473,+104.074,+102.207,+103.185,+97.389,+103.960,+103.684,+100.719,+97.546,+98.025,+96.442
0,26,+95.470,+152.656,+62.706,+120.550,+73.368,+124.548,+131.283,+98.804,+81.938,+98.364,+91.956,+73.610,+75.513,+81.377,+83.429,+142.862,+78.862,+78.928,+60.542,+36.192,+96.839,+103.199,+96.612,+104.676,+99.405,+100.557,+103.895,+96.888,+99.866,+100.800,+103.928,+98.913,+99.735,+101.261,+101.942,+100.342,+104.607,+98.266,+101.202,+99.509
0,27,+79.310,+118.445,+127.703,+108.501,+88.558,+88.970,+81.074,+79.866,+106.114,+105.271,+153.742,+96.744,+57.080,+141.418,+65.557,+122.136,+121.841,+82.041,+103.873,+110.386,+98.198,+102.271,+102.167,+95.802,+96.326,+100.594,+101.818,+97.352,+97.452,+101.595,+97.469,+99.956,+104.812,+99.718,+96.516,+100.915,+97.271,+95.496,+103.484,+100.942
0,28,+112.260,+95.599,+87.655,+62.515,+98.323,+124.166,+102.381,+89.721,+54.995,+123.245,+97.688,+110.497,+97.319,+51.184,+74.465,+77.150,+94.996,+96.649,+99.840,+94.502,+97.517,+104.565,+103.065,+99.028,+102.837,+100.156,+101.040,+104.632,+97.016,+97.094,+104.461,+97.728,+101.624,+101.109,+95.615,+96.975,+102.469,+102.417,+102.271,+96.130
0,29,+108.484,+91.519,+69.472,+88.967,+80.613,+91.480,+99.742,+83.614,+41.631,+104.215,+96.784,+59.163,+131.365,+93.085,+163.285,+134.989,+140.787,+120.066,+94.873,+117.251,+103.779,+96.354,+98.944,+95.957,+101.030,+99.749,+96.630,+104.563,+100.288,+104.731,+95.176,+100.070,+95.730,+96.414,+96.955,+99.913,+97.530,+100.775,+101.036,+97.598
0,30,+66.664,+100.768,+61.079,+98.246,+53.066,+111.516,+101.190,+90.636,+84.344,+60.101,+45.128,+107.013,+117.314,+142.007,+73.755,+52.063,+59.841,+103.342,+68.157,+96.061,+95.028,+97.972,+100.505,+102.111,+100.034,+103.582,+100.902,+96.487,+96.095,+98.327,+97.322,+102.115,+99.928,+103.399,+101.086,+98.290,+97.859,+97.233,+102.162,+95.255
0,31,+129.468,+68.246,+88.998,+79.575,+79.363,+85.760,+92.109,+71.472,+93.938,+158.529,+83.525,+97.460,+84.969,+93.884,+118.972,+146.308,+128.893,+73.647,+115.048,+108.047,+98.523,+99.832,+102.034,+104.432,+97.171,+104.302,+102.703,+99.445,+99.771,+96.761,+98.157,+96.866,+98.612,+95.409,+98.229,+95.057,+102.923,+103.680,+104.665,+99.864
0,32,+104.342,+49.338,+115.395,+99.453,+111.500,+83.379,+112.965,+111.879,+57.684,+81.477,+59.357,+91.014,+122.585,+95.623,+101.101,+129.829,+80.567,+121.351,+140.571,+93.464,+99.374,+103.370,+95.018,+96.965,+102.958,+98.946,+98.486,+96.554,+102.976,+97.084,+101.509,+103.619,+99.098,+104.557,+103.657,+97.927,+102.830,+101.592,+98.954,+99.319
0,33,+55.773,+90.727,+161.710,+74.672,+103.734,+90.127,+85.450,+113.367,+87.264,+109.630,+101.123,+62.143,+49.959,+72.151,+74.541,+92.665,+63.013,+129.507,+54.028,+67.706,+96.187,+101.623,+103.190,+97.822,+104.905,+101.659,+100.264,+100.540,+100.297,+97.787,+102.696,+100.031,+104.416,+103.542,+98.532,+104.226,+97.684,+96.879,+97.148,+95.986
0,34,+95.328,+65.086,+107.910,+106.950,+94.532,+94.308,+72.063,+97.205,+75.780,+91.564,+115.703,+90.466,+93.372,+108.247,+115.521,+78.290,+152.846,+85.105,+82.332,+95.586,+98.914,+103.677,+104.612,+100.642,+95.493,+99.442,+97.582,+96.561,+103.830,+98.104,+102.001,+100.680,+102.700,+103.982,+101.008,+98.033,+95.106,+103.404,+103.934,+98.119
0,35,+110.166,+112.544,+99.635,+86.702,+95.746,+138.030,+78.075,+102.212,+61.312,+61.871,+99.695,+105.629,+87.837,+141.156,+50.477,+71.776,+109.628,+91.743,+119.856,+129.566,+102.218,+100.878,+98.026,+97.636,+95.446,+101.228,+95.526,+102.834,+101.869,+103.517,+97.546,+98.217,+95.654,+100.569,+103.831,+100.455,+97.589,+98.674,+103.042,+101.894
0,36,+103.498,+107.689,+90.332,+77.152,+147.345,+110.744,+91.621,+124.951,+132.515,+101.042,+91.662,+99.619,+88.063,+80.826,+94.906,+76.917,+84.239,+153.638,+124.988,+71.405,+102.445,+101.663,+97.666,+100.630,+104.471,+98.056,+103.668,+104.274,+98.521,+96.526,+102.522,+96.367,+101.181,+100.236,+99.210,+104.762,+103.310,+102.882,+101.348,+95.856
0,37,+80.516,+119.729,+98.224,+84.646,+78.228,+71.321,+127.170,+84.378,+107.524,+77.762,+87.336,+94.859,+86.206,+118.201,+71.158,+87.714,+91.341,+112.018,+83.203,+113.135,+96.481,+103.443,+101.372,+96.442,+103.456,+104.955,+100.596,+97.151,+102.550,+103.754,+101.774,+95.481,+97.486,+99.088,+98.625,+96.348,+104.175,+99.987,+97.349,+100.912
0,38,+125.428,+96.123,+55.340,+74.239,+87.972,+87.728,+118.965,+82.661,+96.863,+79.047,+43.865,+94.044,+48.252,+87.839,+130.240,+89.388,+101.870,+84.472,+102.472,+94.776,+100.569,+100.356,+95.264,+103.924,+98.650,+97.227,+99.377,+102.193,+102.407,+104.898,+103.841,+103.015,+101.851,+102.263,+104.644,+96.234,+98.309,+100.863,+97.491,+102.891
0,39,+91.269,+99.708,+81.309,+82.371,+93.828,+154.421,+93.583,+114.874,+98.474,+105.097,+116.220,+59.303,+76.257,+88.622,+71.302,+115.597,+84.698,+91.455,+81.416,+101.545,+102.495,+103.612,+100.477,+95.652,+103.952,+100.630,+97.557,+97.101,+103.335,+96.815,+97.463,+95.815,+100.205,+100.097,+101.569,+104.188,+99.968,+96.413,+95.314,+98.193
0,40,+80.228,+25.051,+142.745,+40.921,+124.251,+78.876,+95.835,+142.889,+98.343,+137.699,+62.230,+74.576,+53.562,+114.261,+89.184,+88.451,+68.482,+91.427,+76.277,+77.255,+99.342,+100.224,+100.769,+95.203,+101.213,+95.253,+96.059,+103.192,+100.647,+102.863,+98.929,+104.014,+95.092,+95.388,+104.780,+96.646,+99.716,+95.059,+97.396,+100.980
0,41,+93.470,+76.807,+126.489,+105.985,+92.858,+109.233,+82.665,+108.887,+107.934,+126.121,+84.873,+93.537,+80.866,+87.946,+112.425,+41.377,+86.808,+73.940,+103.165,+86.569,+99.916,+101.555,+99.810,+99.076,+104.324,+103.450,+101.069,+99.411,+100.315,+97.000,+102.304,+104.715,+97.722,+99.459,+95.135,+104.590,+101.475,+98.692,+103.386,+99.800
0,42,+80.537,+70.842,+151.391,+109.236,+81.943,+99.612,+65.526,+86.993,+105.532,+50.102,+91.380,+121.683,+76.127,+77.584,+69.540,+98.007,+103.499,+113.051,+97.148,+86.397,+102.874,+95.712,+104.958,+101.911,+101.059,+95.139,+102.942,+99.391,+95.344,+101.372,+103.364,+95.014,+100.266,+95.004,+99.569,+104.846,+98.694,+101.044,+99.813,+96.190
0,43,+141.434,+92.779,+107.108,+139.247,+100.220,+85.263,+128.251,+107.536,+120.994,+85.340,+97.060,+110.003,+127.622,+111.325,+81.795,+109.220,+89.813,+94.085,+86.822,+59.693,+100.610,+100.007,+103.711,+96.669,+99.762,+99.610,+97.226,+102.887,+98.646,+102.927,+102.445,+99.349,+99.142,+101.245,+100.659,+101.538,+96.661,+101.173,+98.766,+99.098
0,44,+138.313,+88.971,+77.511,+108.657,+72.556,+84.751,+135.667,+90.328,+64.809,+69.772,+94.863,+81.996,+95.431,+70.018,+101.484,+98.294,+134.249,+95.833,+58.158,+127.713,+100.091,+101.483,+97.164,+96.585,+104.364,+102.961,+97.977,+104.990,+101.405,+98.849,+96.284,+99.660,+98.598,+98.757,+97.634,+96.745,+99.412,+104.880,+102.503,+95.643
0,45,+98.766,+91.773,+83.402,+101.256,+89.540,+77.905,+98.539,+147.278,+62.665,+90.897,+159.340,+109.962,+86.286,+81.887,+69.927,+73.013,+119.942,+102.458,+105.754,+79.384,+100.631,+104.153,+104.336,+101.804,+97.214,+102.031,+95.774,+102.190,+100.731,+103.165,+97.345,+104.676,+101.615,+104.145,+97.627,+95.523,+99.513,+97.093,+99.757,+96.804
0,46,+98.802,+147.489,+100.419,+134.056,+102.094,+79.451,+90.840,+89.515,+100.556,+91.198,+80.919,+94.931,+112.071,+86.382,+136.535,+105.653,+66.656,+99.575,+65.633,+109.173,+101.512,+97.317,+103.969,+103.369,+97.095,+95.039,+98.005,+103.010,+104.773,+101.218,+99.876,+103.593,+102.051,+102.698,+97.782,+99.723,+97.740,+98.557,+100.404,+102.695
0,47,+88.255,+83.334,+100.434,+85.583,+106.617,+90.047,+71.406,+72.342,+103.815,+105.035,+87.071,+119.085,+131.106,+87.259,+93.666,+62.062,+86.809,+84.367,+83.244,+128.023,+97.259,+100.261,+102.255,+103.794,+102.462,+103.279,+101.601,+100.129,+103.305,+103.782,+95.517,+97.111,+104.327,+99.899,+98.575,+101.900,+97.719,+97.305,+101.998,+99.077
0,48,+107.121,+91.207,+81.348,+109.578,+105.383,+55.531,+99.380,+125.717,+138.008,+98.218,+116.244,+96.408,+102.457,+106.354,+98.477,+80.874,+91.702,+94.576,+74.505,+120.963,+101.497,+97.874,+100.856,+104.854,+96.154,+100.381,+98.939,+103.524,+103.788,+97.815,+104.288,+103.023,+102.326,+95.169,+101.883,+102.904,+97.537,+96.794,+104.417,+96.693
0,49,+111.622,+123.207,+97.210,+53.197,+46.337,+92.142,+80.277,+95.568,+76.371,+107.683,+138.504,+94.607,+92.720,+92.182,+87.742,+88.275,+74.897,+126.152,+102.289,+79.866,+99.008,+104.247,+97.533,+96.333,+98.505,+103.285,+104.373,+96.500,+95.954,+97.344,+99.912,+101.428,+101.848,+103.395,+101.257,+102.691,+97.947,+102.446,+99.618,+102.111
0,50,+93.832,+80.508,+150.448,+128.883,+98.271,+80.363,+80.857,+100.739,+115.522,+67.256,+60.518,+89.479,+97.394,+99.523,+126.195,+102.031,+78.022,+113.220,+112.489,+108.512,+104.247,+95.949,+102.367,+103.225,+104.709,+99.932,+95.396,+101.339,+103.884,+104.203,+96.257,+97.626,+100.570,+103.946,+102.245,+104.902,+97.347,+103.038,+103.150,+95.832
0,51,+81.174,+107.144,+99.123,+104.922,+113.651,+53.333,+112.029,+63.570,+106.730,+104.983,+108.466,+72.398,+107.976,+83.478,+100.869,+104.971,+143.321,+126.316,+92.256,+91.435,+96.352,+98.422,+102.179,+100.889,+100.379,+103.886,+103.318,+96.682,+102.005,+103.055,+100.902,+98.206,+104.540,+96.574,+98.187,+101.993,+96.160,+103.064,+102.564,+95.717
0,52,+137.151,+103.079,+92.155,+69.809,+87.542,+123.924,+129.785,+105.035,+81.058,+116.977,+66.588,+114.858,+101.391,+124.973,+77.811,+111.987,+86.314,+82.137,+99.680,+86.152,+102.252,+95.367,+95.074,+103.944,+104.007,+102.176,+100.094,+97.718,+98.265,+99.099,+98.350,+95.682,+104.266,+97.446,+104.985,+97.229,+97.502,+95.972,+95.947,+98.839
0,53,+98.598,+99.824,+80.862,+137.749,+105.942,+100.050,+121.765,+130.065,+68.096,+84.357,+118.047,+95.424,+91.256,+66.575,+110.543,+105.102,+101.295,+89.207,+60.888,+79.405,+102.952,+104.680,+101.024,+100.022,+98.112,+100.456,+100.923,+96.025,+96.778,+98.557,+97.658,+98.664,+104.768,+98.117,+104.107,+95.553,+104.886,+95.803,+97.513,+104.708
0,54,+103.438,+101.693,+115.966,+119.934,+101.951,+108.580,+124.978,+129.312,+123.321,+124.529,+86.727,+86.880,+92.513,+104.789,+135.427,+81.883,+60.169,+102.488,+90.140,+83.274,+95.216,+103.193,+97.545,+99.213,+103.598,+98.424,+98.719,+102.534,+104.673,+96.084,+103.577,+102.750,+100.359,+98.886,+100.201,+102.158,+96.104,+103.207,+97.540,+97.587
0,55,+86.856,+62.336,+82.768,+110.561,+89.593,+98.747,+98.503,+128.401,+120.953,+71.340,+99.944,+111.429,+85.205,+110.570,+107.798,+132.479,+84.258,+77.216,+108.962,+98.655,+98.103,+103.887,+97.385,+100.064,+104.383,+97.886,+97.324,+100.743,+96.159,+99.561,+103.317,+99.636,+101.351,+99.196,+96.990,+100.381,+101.481,+98.631,+101.006,+101.378
0,56,+110.932,+97.223,+87.080,+68.457,+72.004,+88.235,+141.996,+103.324,+123.561,+81.046,+91.271,+126.477,+122.606,+100.820,+102.020,+97.489,+108.711,+108.738,+110.415,+123.602,+97.099,+100.192,+101.397,+102.927,+100.482,+102.089,+99.311,+101.761,+102.252,+99.236,+97.043,+100.084,+102.623,+95.017,+96.125,+104.914,+104.585,+104.759,+97.786,+95.251
0,57,+93.710,+119.901,+102.762,+129.965,+122.758,+93.301,+105.964,+98.163,+94.654,+79.259,+91.608,+125.709,+79.286,+86.017,+119.357,+91.576,+136.077,+88.179,+92.846,+120.474,+98.564,+101.226,+101.309,+101.369,+100.829,+98.846,+96.406,+97.145,+100.320,+97.082,+97.492,+98.301,+95.331,+99.366,+103.532,+100.648,+102.284,+104.710,+95.089,+97.390
0,58,+91.071,+70.150,+117.132,+77.299,+69.509,+83.622,+100.678,+111.686,+80.308,+112.229,+69.986,+84.099,+92.515,+72.558,+98.480,+73.345,+74.781,+110.329,+116.852,+59.221,+97.486,+100.623,+95.261,+104.782,+98.954,+100.393,+99.613,+95.672,+101.002,+102.334,+96.942,+95.281,+102.533,+103.848,+103.573,+101.809,+97.373,+104.619,+101.672,+97.708
0,59,+88.698,+114.573,+128.978,+72.343,+74.098,+90.953,+112.706,+115.700,+95.875,+85.288,+85.798,+110.865,+64.530,+91.791,+102.102,+104.510,+96.998,+91.331,+106.144,+75.961,+98.159,+101.787,+104.537,+96.910,+96.176,+95.624,+99.886,+104.057,+98.143,+95.314,+95.748,+102.935,+103.852,+102.075,+102.721,+102.121,+100.455,+96.355,+101.301,+98.602
0,60,+117.422,+96.202,+93.922,+76.312,+106.586,+127.521,+95.996,+128.559,+100.497,+131.458,+93.844,+119.249,+101.444,+71.771,+83.067,+124.239,+128.209,+93.572,+55.410,+94.915,+101.194,+104.668,+103.420,+101.928,+96.284,+101.339,+95.163,+95.867,+104.799,+99.671,+95.842,+96.954,+99.331,+99.423,+101.297,+98.273,+95.154,+99.671,+102.336,+101.399
0,61,+142.912,+129.864,+118.151,+101.044,+94.197,+151.143,+74.880,+84.292,+76.265,+94.309,+38.598,+79.203,+119.801,+124.066,+60.483,+112.823,+102.879,+97.435,+73.821,+88.682,+96.391,+101.417,+95.496,+100.799,+97.817,+101.483,+102.949,+95.802,+104.629,+103.146,+104.827,+101.920,+96.605,+98.984,+102.111,+98.839,+101.109,+97.152,+102.572,+103.852
0,62,+104.558,+114.623,+104.578,+133.271,+65.338,+96.129,+120.986,+96.668,+109.739,+107.061,+112.222,+88.654,+72.166,+99.406,+100.043,+108.444,+114.931,+110.532,+93.000,+117.944,+99.016,+104.373,+104.626,+96.349,+97.218,+99.173,+99.253,+103.669,+102.757,+104.019,+99.767,+100.075,+100.551,+102.186,+98.881,+104.664,+96.121,+97.557,+104.171,+103.191
0,63,+92.236,+74.825,+108.585,+108.739,+83.279,+105.587,+121.818,+88.955,+114.865,+89.221,+108.432,+108.401,+79.189,+79.192,+97.902,+64.066,+109.874,+120.374,+54.460,+120.558,+95.445,+104.578,+100.513,+95.691,+96.600,+98.933,+103.681,+102.808,+96.917,+101.310,+103.037,+100.007,+101.407,+102.434,+97.547,+97.269,+101.002,+101.390,+95.864,+101.238
0,64,+98.915,+84.839,+97.298,+66.437,+116.218,+83.799,+95.353,+82.307,+95.289,+45.479,+120.582,+129.698,+87.119,+78.909,+73.527,+81.712,+102.923,+90.924,+98.520,+88.600,+95.506,+97.454,+102.081,+95.897,+104.858,+102.111,+101.757,+103.841,+96.697,+103.728,+96.323,+102.888,+99.325,+98.567,+95.814,+97.296,+103.115,+102.090,+101.740,+95.702
0,65,+86.505,+126.019,+96.020,+83.015,+87.666,+92.527,+38.223,+113.044,+89.082,+91.791,+150.776,+80.011,+127.025,+134.483,+76.543,+134.631,+75.108,+92.878,+97.727,+93.454,+96.821,+98.512,+96.294,+95.303,+103.101,+103.773,+96.969,+103.452,+97.191,+98.515,+104.436,+95.587,+101.964,+104.737,+96.554,+95.870,+103.065,+103.108,+98.269,+97.391
0,66,+118.986,+96.982,+90.045,+124.654,+118.735,+107.542,+64.846,+105.216,+70.888,+80.826,+108.786,+93.659,+133.845,+138.596,+107.250,+114.384,+103.695,+116.686,+77.187,+123.968,+100.664,+95.511,+101.321,+104.311,+96.843,+100.356,+97.245,+103.945,+103.092,+98.376,+103.255,+95.744,+99.209,+102.892,+99.311,+98.200,+98.310,+95.087,+99.806,+98.335
0,67,+93.346,+107.240,+144.018,+74.489,+84.714,+95.988,+101.546,+91.733,+108.592,+83.047,+84.528,+99.833,+126.520,+104.919,+68.358,+90.782,+110.827,+107.910,+85.512,+97.410,+101.378,+97.380,+104.642,+104.653,+99.995,+101.560,+100.942,+98.102,+101.471,+95.021,+100.505,+95.868,+97.436,+97.527,+97.885,+95.182,+97.146,+100.942,+98.953,+100.497
0,68,+114.369,+77.911,+97.912,+116.819,+67.708,+116.252,+114.875,+75.929,+76.558,+143.382,+139.345,+60.338,+79.933,+74.000,+112.579,+125.542,+95.366,+121.284,+65.156,+97.036,+104.085,+97.323,+102.609,+99.551,+104.173,+98.235,+99.439,+96.979,+96.513,+99.856,+103.322,+98.526,+103.481,+95.778,+98.864,+98.895,+95.034,+101.074,+100.003,+103.939
0,69,+85.976,+111.627,+92.181,+124.837,+138.126,+111.305,+116.483,+109.430,+86.549,+73.755,+113.201,+95.002,+108.737,+74.310,+108.913,+101.186,+103.638,+83.493,+101.555,+123.890,+104.009,+100.241,+97.958,+103.307,+103.978,+102.327,+99.125,+101.062,+99.399,+98.109,+97.254,+95.787,+103.854,+101.484,+104.151,+104.386,+101.576,+96.601,+98.086,+99.393
0,70,+124.194,+91.207,+104.436,+98.643,+103.367,+102.916,+119.238,+129.691,+111.315,+97.277,+96.539,+97.446,+107.630,+95.786,+95.898,+76.303,+111.147,+118.088,+113.928,+108.506,+99.653,+96.501,+103.393,+99.110,+102.524,+97.010,+97.714,+102.132,+96.813,+99.554,+98.686,+96.751,+97.856,+98.368,+99.111,+101.982,+95.230,+95.309,+100.456,+99.903
0,71,+111.441,+86.538,+99.226,+121.269,+89.847,+77.624,+106.719,+125.378,+122.386,+119.222,+128.186,+110.502,+97.261,+88.321,+84.458,+120.737,+97.996,+71.062,+98.706,+107.829,+101.385,+97.604,+99.811,+97.325,+103.832,+104.551,+99.440,+96.213,+102.415,+101.561,+99.426,+104.752,+100.431,+98.445,+98.388,+101.040,+97.918,+103.773,+102.275,+102.697
0,72,+149.793,+118.057,+116.366,+90.942,+89.570,+81.048,+68.814,+86.317,+76.268,+122.153,+105.036,+79.291,+107.350,+88.847,+89.173,+81.749,+100.980,+81.598,+91.848,+117.530,+98.405,+103.288,+103.061,+102.244,+103.895,+96.025,+104.034,+104.045,+100.807,+98.238,+98.203,+97.605,+100.779,+98.601,+98.804,+104.137,+103.477,+97.372,+96.935,+104.332
0,73,+99.353,+97.689,+86.505,+90.409,+102.950,+75.789,+94.426,+68.807,+99.265,+107.607,+85.059,+86.629,+101.230,+95.791,+86.354,+96.554,+74.866,+133.501,+120.341,+105.717,+97.309,+98.873,+97.005,+99.851,+97.499,+95.501,+99.064,+101.511,+98.076,+101.303,+98.221,+104.869,+98.085,+99.051,+98.738,+104.089,+102.646,+101.676,+102.893,+97.245
0,74,+78.120,+110.952,+111.633,+118.073,+113.827,+99.598,+52.713,+151.844,+105.326,+115.599,+85.853,+133.626,+96.047,+110.505,+92.405,+108.248,+94.888,+112.149,+133.104,+102.145,+98.374,+99.884,+101.816,+101.663,+95.425,+102.358,+98.702,+101.278,+98.947,+96.791,+96.815,+103.787,+95.422,+99.124,+102.106,+101.351,+98.740,+104.616,+96.434,+95.404
0,75,+77.537,+94.335,+113.467,+93.248,+76.646,+108.406,+104.094,+104.812,+90.872,+106.317,+102.256,+114.674,+98.802,+101.985,+108.665,+145.055,+91.275,+90.472,+118.727,+121.106,+98.961,+98.826,+98.471,+103.827,+104.189,+97.858,+102.676,+97.121,+99.790,+96.521,+97.074,+99.594,+102.448,+103.341,+104.651,+103.428,+98.777,+100.661,+95.608,+102.871
0,76,+92.615,+101.812,+111.695,+114.383,+117.256,+101.675,+111.978,+117.995,+117.471,+63.864,+120.141,+105.940,+125.926,+79.029,+97.893,+88.941,+89.481,+87.469,+66.527,+88.817,+104.125,+103.248,+95.908,+101.840,+100.615,+98.541,+104.704,+98.381,+102.135,+104.914,+104.162,+97.812,+104.179,+95.252,+99.711,+101.390,+96.305,+101.617,+103.186,+104.791
0,77,+70.264,+99.215,+109.731,+95.923,+136.836,+147.145,+82.629,+82.853,+138.907,+103.262,+98.396,+109.151,+115.810,+121.353,+120.108,+112.758,+92.811,+106.500,+109.363,+101.623,+98.411,+100.215,+99.479,+97.255,+101.001,+103.785,+104.133,+98.771,+100.674,+104.357,+102.490,+103.317,+95.123,+103.526,+102.482,+104.976,+98.474,+100.688,+97.707,+102.177
0,78,+97.750,+94.753,+99.944,+78.429,+96.977,+131.863,+108.812,+76.557,+111.918,+122.373,+53.351,+95.129,+117.428,+109.463,+87.346,+93.569,+50.351,+89.786,+119.595,+122.926,+101.028,+98.488,+104.327,+95.827,+100.234,+104.243,+103.114,+99.855,+100.538,+103.347,+102.621,+98.756,+95.074,+99.208,+99.400,+95.266,+102.978,+101.960,+100.939,+95.202
0,79,+103.722,+116.897,+143.212,+77.874,+95.325,+102.054,+109.346,+103.272,+99.573,+88.139,+144.073,+78.353,+104.471,+73.304,+96.230,+118.115,+70.064,+111.932,+115.786,+85.298,+96.804,+104.851,+98.918,+102.265,+103.232,+102.838,+96.681,+102.735,+97.375,+100.898,+99.200,+96.187,+101.986,+104.627,+95.314,+102.148,+97.172,+100.232,+100.566,+103.588
0,80,+152.767,+110.402,+129.526,+88.034,+101.580,+107.756,+92.649,+101.360,+101.133,+107.205,+86.164,+119.387,+105.423,+129.535,+126.196,+104.175,+77.484,+67.918,+94.350,+102.922,+104.893,+98.449,+101.292,+103.934,+99.673,+101.199,+95.116,+98.795,+97.453,+95.256,+98.583,+102.596,+95.023,+104.913,+101.155,+97.423,+99.865,+95.063,+104.348,+97.608
0,81,+104.504,+90.872,+99.346,+78.268,+110.153,+102.756,+111.397,+111.537,+63.230,+82.956,+97.729,+129.042,+91.177,+115.235,+119.457,+110.178,+74.137,+87.733,+75.535,+123.809,+102.376,+101.789,+97.613,+98.954,+100.575,+101.646,+104.146,+103.024,+102.814,+97.963,+102.001,+98.488,+97.580,+103.947,+100.482,+97.646,+98.606,+97.490,+98.678,+103.234
0,82,+109.829,+97.598,+115.208,+90.520,+115.316,+91.494,+102.614,+121.586,+94.699,+116.628,+129.335,+107.099,+97.399,+122.013,+110.565,+108.578,+84.494,+80.964,+100.488,+127.691,+100.847,+102.179,+103.154,+101.746,+97.321,+97.029,+97.684,+98.073,+96.114,+102.649,+100.527,+103.075,+103.530,+104.021,+104.169,+98.970,+99.838,+100.099,+97.837,+101.267
0,83,+129.867,+91.499,+79.190,+70.564,+106.124,+100.749,+99.373,+102.838,+109.571,+78.646,+114.091,+95.962,+93.645,+80.232,+113.790,+112.828,+110.696,+114.797,+86.505,+111.294,+97.562,+104.501,+99.753,+95.114,+103.493,+101.563,+98.618,+96.000,+104.354,+103.222,+95.063,+101.028,+97.457,+102.805,+102.989,+102.831,+103.064,+99.702,+103.138,+104.807
0,84,+101.791,+89.786,+105.661,+83.854,+104.723,+112.723,+108.756,+102.716,+101.837,+109.070,+66.434,+92.598,+85.898,+105.393,+131.021,+69.848,+96.187,+65.514,+84.885,+69.108,+98.889,+96.281,+97.388,+99.786,+102.098,+104.337,+100.419,+103.759,+103.961,+99.014,+101.688,+95.301,+96.444,+101.288,+103.823,+103.251,+103.447,+103.284,+101.585,+96.895
0,85,+104.653,+112.220,+89.048,+102.692,+95.806,+74.387,+102.216,+111.404,+77.198,+102.598,+134.387,+91.667,+91.718,+90.859,+90.277,+106.666,+124.413,+84.515,+123.535,+87.802,+103.642,+100.019,+96.792,+100.851,+96.970,+103.221,+102.016,+98.808,+99.503,+103.207,+101.070,+100.552,+104.947,+101.397,+99.182,+98.300,+101.632,+95.479,+99.706,+101.153
0,86,+103.646,+111.796,+95.847,+130.780,+113.072,+58.304,+98.405,+108.947,+113.538,+97.118,+126.473,+92.364,+98.611,+76.017,+132.699,+106.260,+102.020,+98.376,+118.272,+81.707,+96.171,+102.861,+98.417,+98.139,+99.411,+103.083,+98.760,+97.936,+100.044,+101.108,+101.594,+96.188,+104.545,+95.076,+100.585,+97.272,+102.637,+95.102,+95.323,+96.665
0,87,+85.810,+105.089,+113.825,+117.557,+78.370,+104.886,+114.921,+71.829,+87.008,+94.907,+76.539,+130.429,+138.518,+83.059,+72.994,+105.392,+112.533,+84.676,+86.985,+127.746,+98.191,+95.395,+101.043,+96.593,+104.312,+104.061,+97.914,+98.338,+95.112,+99.936,+99.155,+104.750,+97.923,+103.239,+97.413,+99.566,+103.779,+95.565,+95.370,+96.865
0,88,+84.746,+115.578,+98.930,+126.493,+98.909,+125.968,+69.864,+88.235,+83.657,+99.711,+81.530,+57.122,+118.723,+97.325,+98.052,+101.487,+74.536,+95.768,+98.746,+89.638,+102.765,+104.764,+97.664,+100.878,+102.552,+95.996,+96.938,+97.247,+95.508,+97.696,+96.969,+96.022,+98.114,+96.555,+98.987,+96.647,+98.163,+97.333,+101.450,+99.290
0,89,+113.234,+91.483,+93.315,+83.126,+94.705,+96.087,+105.218,+66.060,+91.236,+85.342,+94.156,+115.246,+83.227,+118.147,+93.652,+120.366,+92.382,+90.809,+133.553,+85.331,+102.969,+100.639,+98.876,+104.591,+99.234,+95.702,+98.468,+103.854,+97.901,+101.522,+95.326,+100.190,+102.137,+99.925,+104.214,+102.443,+103.819,+104.373,+96.946,+102.477
0,90,+77.807,+69.082,+81.020,+98.453,+78.362,+79.043,+93.243,+110.872,+104.425,+73.005,+94.155,+115.812,+80.397,+84.715,+120.014,+108.422,+133.973,+93.654,+66.178,+115.448,+104.774,+96.765,+98.958,+97.163,+98.618,+98.836,+97.931,+96.223,+99.464,+103.991,+98.546,+100.999,+97.389,+104.375,+99.118,+97.527,+104.154,+102.571,+98.361,+95.971
0,91,+109.810,+73.032,+97.611,+112.899,+123.179,+97.750,+130.686,+69.743,+97.158,+117.584,+105.881,+86.707,+106.942,+90.035,+118.613,+100.396,+117.804,+60.631,+99.893,+106.562,+96.491,+103.520,+100.763,+104.386,+100.200,+102.611,+104.592,+96.079,+95.797,+98.149,+101.135,+99.125,+98.536,+98.261,+103.214,+101.005,+98.737,+104.561,+98.136,+99.129
0,92,+86.545,+119.130,+77.519,+99.894,+101.106,+85.006,+41.089,+111.532,+116.284,+96.141,+120.722,+108.093,+91.765,+127.936,+112.400,+119.400,+86.272,+108.823,+79.007,+60.730,+96.800,+100.509,+97.663,+100.264,+103.713,+96.730,+102.592,+103.287,+98.698,+102.175,+99.121,+97.146,+101.346,+101.703,+98.390,+104.533,+101.163,+102.289,+104.672,+97.192
0,93,+115.620,+136.001,+92.129,+130.113,+91.171,+85.169,+76.645,+116.833,+95.436,+125.160,+93.573,+121.632,+99.836,+99.709,+99.371,+129.214,+116.000,+97.160,+118.959,+94.359,+102.532,+100.316,+103.594,+95.647,+99.235,+104.429,+103.657,+102.273,+103.973,+104.710,+99.122,+96.292,+96.999,+99.920,+97.543,+103.131,+100.859,+98.900,+104.142,+103.845
0,94,+115.476,+80.161,+81.682,+124.825,+77.921,+110.395,+118.622,+134.107,+102.693,+113.088,+118.094,+70.654,+111.960,+104.458,+113.044,+115.101,+118.965,+89.412,+93.833,+94.088,+102.647,+104.634,+102.755,+101.560,+104.356,+101.265,+99.678,+103.585,+96.594,+104.064,+101.270,+98.039,+99.444,+101.798,+101.320,+100.143,+99.318,+102.022,+101.843,+101.116
0,95,+117.628,+78.001,+118.409,+86.409,+90.134,+98.338,+78.631,+81.889,+96.997,+127.862,+106.362,+131.690,+102.236,+102.579,+89.337,+117.618,+122.451,+83.209,+107.856,+90.235,+96.439,+102.752,+100.634,+98.412,+101.708,+104.770,+97.563,+104.817,+99.362,+103.287,+99.566,+102.111,+102.110,+99.943,+95.912,+100.793,+101.224,+99.653,+95.696,+97.557
0,96,+99.006,+109.542,+106.831,+94.545,+83.364,+81.817,+102.267,+124.030,+124.222,+112.376,+102.164,+141.719,+96.505,+82.875,+68.945,+81.903,+104.496,+99.439,+109.502,+105.151,+96.352,+99.627,+99.549,+98.660,+101.412,+100.030,+97.155,+101.248,+100.374,+100.793,+97.850,+103.922,+98.047,+97.425,+102.611,+103.300,+100.579,+102.826,+100.561,+103.688
0,97,+125.215,+93.573,+116.163,+114.935,+96.228,+82.175,+95.810,+85.054,+95.326,+110.693,+95.900,+98.192,+87.824,+74.973,+64.495,+84.798,+97.774,+85.144,+99.908,+121.945,+103.992,+95.038,+104.909,+97.624,+102.688,+96.938,+104.074,+95.718,+97.772,+98.535,+96.545,+96.996,+100.770,+103.887,+101.081,+101.149,+96.370,+95.433,+102.035,+95.023
0,98,+68.638,+86.654,+66.882,+113.168,+111.863,+126.787,+96.786,+98.968,+109.856,+142.274,+111.181,+111.862,+63.007,+114.411,+129.729,+65.521,+93.014,+77.610,+121.214,+91.156,+96.436,+103.998,+103.670,+98.329,+104.197,+99.925,+100.784,+98.587,+95.899,+104.982,+98.379,+96.935,+96.883,+104.878,+95.185,+103.718,+101.414,+97.405,+95.102,+103.329
0,99,+84.340,+97.671,+99.318,+81.705,+88.289,+97.748,+114.552,+103.734,+86.400,+107.765,+135.888,+108.598,+115.483,+105.617,+89.396,+86.221,+112.745,+97.746,+92.267,+97.344,+103.767,+95.181,+95.290,+103.009,+100.543,+102.460,+97.995,+97.313,+98.219,+100.247,+99.015,+101.871,+99.802,+96.680,+97.160,+99.735,+104.826,+104.673,+104.452,+99.865
0,100,+114.862,+126.137,+85.206,+123.552,+105.091,+101.556,+105.487,+116.988,+144.070,+126.708,+121.082,+85.273,+79.435,+84.916,+103.624,+70.966,+118.690,+72.600,+70.223,+104.989,+102.907,+101.208,+95.717,+97.610,+101.324,+98.211,+101.394,+96.604,+102.313,+98.476,+96.389,+101.308,+95.753,+101.050,+96.210,+102.401,+96.998,+95.933,+97.795,+101.740
0,101,+97.039,+95.611,+107.669,+86.633,+133.895,+105.935,+78.536,+95.290,+106.497,+107.625,+109.925,+71.501,+107.827,+71.443,+103.539,+82.289,+89.122,+102.321,+89.135,+103.194,+99.553,+99.194,+99.562,+104.602,+101.163,+99.822,+102.515,+103.803,+98.172,+95.378,+98.289,+95.378,+101.497,+97.428,+95.664,+101.243,+104.327,+103.281,+98.708,+99.630
0,102,+106.042,+92.300,+111.049,+116.000,+98.075,+76.206,+96.913,+93.690,+79.899,+84.329,+76.586,+92.550,+87.370,+86.399,+112.764,+87.459,+93.299,+93.499,+111.697,+87.578,+103.277,+103.379,+97.479,+97.768,+101.273,+95.160,+103.133,+104.531,+97.090,+95.152,+101.834,+95.495,+98.875,+102.953,+103.741,+100.340,+102.946,+99.935,+96.079,+102.235
0,103,+88.298,+101.578,+95.136,+105.970,+96.481,+78.379,+127.978,+87.401,+99.571,+132.210,+103.030,+91.732,+80.869,+127.197,+97.076,+106.469,+99.977,+101.162,+97.243,+99.441,+97.715,+97.691,+98.533,+100.756,+98.598,+104.580,+98.586,+101.225,+101.967,+97.145,+99.366,+102.760,+99.441,+97.994,+102.465,+104.822,+95.650,+102.102,+102.181,+99.700
0,104,+93.054,+100.927,+102.243,+120.549,+90.752,+91.733,+100.149,+99.663,+94.170,+112.761,+80.443,+105.414,+117.839,+68.634,+95.826,+112.322,+69.137,+109.604,+116.357,+109.792,+103.511,+97.225,+98.402,+98.732,+96.161,+98.620,+96.191,+98.286,+101.156,+98.447,+104.295,+99.728,+103.915,+102.984,+95.128,+103.525,+101.946,+99.529,+104.675,+100.706
0,105,+74.479,+78.819,+111.086,+106.717,+89.656,+91.543,+88.438,+87.902,+102.993,+85.806,+93.420,+88.845,+96.169,+108.941,+103.283,+75.668,+80.452,+140.247,+107.870,+82.606,+103.840,+97.288,+104.023,+95.079,+97.504,+95.130,+101.350,+101.694,+103.036,+98.732,+99.228,+98.446,+95.632,+99.004,+99.724,+102.352,+97.583,+103.229,+97.721,+100.908
0,106,+123.140,+81.079,+105.434,+108.087,+99.680,+118.512,+105.069,+82.192,+83.238,+65.914,+128.972,+99.931,+82.664,+102.834,+95.873,+106.249,+97.642,+88.428,+87.899,+106.022,+97.411,+103.485,+97.003,+102.013,+96.118,+101.408,+96.855,+101.318,+102.213,+102.351,+95.987,+96.827,+102.915,+99.142,+97.988,+97.658,+97.665,+96.692,+99.102,+98.904
0,107,+98.307,+99.859,+101.769,+109.506,+102.460,+120.972,+86.304,+94.088,+88.297,+114.696,+105.069,+85.803,+87.584,+101.326,+113.389,+133.796,+95.160,+123.154,+105.843,+113.399,+98.801,+97.787,+102.139,+100.766,+101.145,+98.590,+97.905,+99.687,+103.060,+104.429,+103.218,+95.296,+95.691,+96.528,+100.288,+103.905,+99.425,+100.739,+97.857,+100.700
0,108,+92.090,+99.308,+78.945,+115.140,+97.248,+119.310,+112.585,+79.918,+105.544,+80.969,+80.059,+111.717,+107.391,+78.164,+102.577,+77.766,+113.208,+68.216,+117.558,+77.316,+103.204,+95.285,+102.091,+102.147,+96.660,+98.812,+99.210,+101.066,+102.910,+96.734,+99.863,+99.532,+97.355,+98.983,+102.768,+98.173,+96.477,+97.801,+103.847,+104.405
0,109,+102.824,+97.077,+89.082,+106.034,+100.150,+95.968,+60.696,+94.597,+100.480,+80.391,+135.220,+113.431,+96.806,+98.847,+84.384,+105.118,+103.772,+124.959,+108.400,+123.472,+98.942,+102.430,+104.293,+104.032,+98.326,+101.605,+100.042,+103.331,+103.818,+96.030,+101.821,+100.284,+103.873,+100.799,+102.765,+95.226,+98.140,+104.993,+99.773,+99.057
0,110,+71.188,+129.739,+116.403,+122.450,+128.102,+112.335,+108.285,+88.725,+124.539,+72.960,+118.107,+87.116,+80.686,+112.954,+92.507,+92.141,+94.971,+91.407,+67.791,+88.852,+103.100,+103.196,+102.134,+97.778,+99.555,+103.339,+104.438,+98.334,+98.196,+99.843,+102.353,+103.514,+103.530,+97.265,+95.594,+97.859,+102.479,+101.218,+96.326,+98.648
0,111,+100.953,+95.627,+94.407,+108.286,+53.627,+107.440,+97.177,+97.612,+115.494,+104.813,+106.927,+94.152,+99.987,+84.983,+115.032,+113.230,+103.593,+86.715,+89.099,+135.786,+95.180,+104.172,+98.169,+101.228,+98.311,+97.407,+98.437,+96.722,+96.396,+99.291,+104.628,+101.555,+99.772,+100.014,+102.509,+95.758,+102.742,+101.188,+103.027,+100.205
0,112,+117.625,+115.979,+81.938,+106.327,+107.451,+91.100,+116.624,+138.004,+107.036,+138.784,+92.028,+156.988,+122.631,+102.186,+67.033,+89.674,+117.558,+103.570,+96.818,+95.123,+96.169,+99.685,+98.339,+104.758,+104.250,+104.085,+104.432,+104.615,+98.582,+96.523,+101.157,+103.390,+104.002,+95.880,+97.875,+97.726,+104.209,+97.117,+102.340,+98.520
0,113,+111.845,+123.171,+124.091,+106.388,+98.194,+124.181,+92.715,+106.042,+95.608,+103.537,+112.503,+118.328,+105.545,+96.678,+94.468,+119.783,+90.446,+97.108,+118.980,+112.230,+99.114,+103.698,+101.841,+97.163,+97.444,+103.898,+104.840,+95.908,+99.899,+97.776,+95.296,+98.672,+100.776,+101.805,+96.759,+102.007,+98.621,+100.781,+97.692,+99.604
0,114,+109.705,+128.443,+96.038,+76.483,+100.879,+120.547,+95.818,+96.611,+110.467,+103.209,+91.861,+111.821,+83.128,+97.259,+91.120,+86.062,+84.998,+78.904,+101.555,+75.221,+99.435,+104.298,+102.102,+101.618,+100.186,+104.975,+102.228,+95.486,+104.483,+96.263,+104.384,+103.064,+101.658,+103.256,+102.710,+97.027,+102.144,+104.453,+103.971,+104.727
0,115,+87.909,+95.776,+102.343,+87.558,+110.401,+86.574,+88.333,+75.723,+97.164,+119.478,+75.722,+112.645,+83.174,+106.280,+102.333,+91.208,+71.142,+89.247,+66.133,+106.680,+97.429,+99.271,+95.744,+104.225,+97.733,+104.881,+97.891,+104.868,+98.240,+103.743,+96.063,+103.388,+95.936,+96.881,+96.969,+103.669,+102.840,+96.246,+103.961,+95.522
0,116,+122.126,+70.697,+90.204,+131.259,+122.820,+119.485,+113.041,+110.736,+94.628,+95.865,+106.049,+76.164,+100.106,+89.522,+92.095,+80.237,+88.677,+101.055,+106.463,+98.247,+96.298,+98.724,+95.320,+104.112,+96.636,+100.632,+96.563,+103.538,+103.133,+100.490,+97.296,+95.284,+97.922,+103.726,+101.396,+96.045,+98.587,+99.713,+100.283,+95.445
0,117,+105.628,+108.247,+95.048,+95.718,+110.943,+56.311,+110.250,+107.408,+102.509,+108.156,+95.004,+104.391,+85.496,+81.831,+73.117,+109.428,+97.764,+116.303,+66.054,+89.910,+100.257,+98.685,+97.471,+100.388,+95.475,+96.507,+99.698,+101.931,+97.247,+100.563,+103.481,+102.950,+96.390,+98.843,+98.810,+104.577,+99.010,+95.641,+102.497,+95.852
0,118,+108.706,+82.214,+105.735,+86.612,+116.868,+132.623,+86.074,+107.311,+100.288,+117.938,+100.455,+78.463,+112.190,+96.618,+84.991,+87.379,+118.088,+82.569,+104.850,+114.330,+97.450,+104.843,+101.806,+102.325,+98.960,+104.351,+99.350,+95.705,+95.220,+101.939,+102.379,+104.351,+97.181,+96.022,+102.422,+95.334,+97.559,+98.099,+97.420,+101.020
0,119,+94.833,+101.456,+78.894,+95.535,+102.199,+116.595,+130.494,+91.675,+102.754,+84.418,+103.509,+83.684,+82.909,+116.827,+95.975,+106.386,+84.216,+62.152,+102.941,+74.834,+96.076,+103.018,+99.866,+102.880,+97.828,+99.877,+100.113,+97.539,+96.182,+101.593,+102.893,+104.597,+102.512,+103.726,+96.690,+96.629,+104.882,+97.224,+95.487,+101.699
0,120,+101.816,+90.794,+123.252,+81.248,+75.972,+98.439,+102.300,+90.846,+132.534,+77.568,+90.374,+96.025,+94.106,+117.534,+135.085,+94.888,+87.801,+85.928,+100.550,+99.144,+102.522,+98.195,+103.352,+99.160,+100.827,+95.378,+100.189,+101.572,+95.297,+95.719,+101.477,+95.446,+101.460,+101.980,+98.670,+98.077,+96.663,+98.587,+102.699,+101.204
0,121,+112.213,+90.473,+102.306,+118.747,+77.831,+104.295,+97.743,+74.897,+99.975,+83.623,+104.360,+84.671,+106.623,+87.887,+102.187,+100.573,+102.495,+115.086,+126.544,+120.690,+103.342,+95.285,+99.890,+98.490,+95.685,+102.572,+102.298,+99.760,+97.308,+96.476,+102.202,+100.566,+102.314,+102.532,+99.157,+99.577,+101.682,+102.302,+104.786,+102.301
0,122,+94.638,+90.562,+120.361,+79.922,+79.636,+112.853,+89.984,+108.578,+96.409,+108.561,+101.242,+78.457,+112.339,+92.655,+80.039,+105.672,+86.887,+87.558,+98.974,+88.552,+104.127,+95.498,+98.192,+97.699,+97.154,+97.883,+104.894,+103.446,+102.358,+97.436,+95.773,+97.252,+97.853,+102.311,+104.995,+102.886,+103.756,+101.264,+98.160,+104.249
0,123,+110.183,+79.523,+98.144,+80.075,+90.699,+109.528,+114.621,+104.820,+97.976,+94.524,+112.745,+113.272,+95.678,+94.989,+83.186,+109.237,+93.777,+97.895,+102.225,+112.952,+100.401,+103.928,+102.039,+95.164,+96.104,+96.333,+103.255,+104.658,+96.415,+99.241,+99.331,+99.347,+97.501,+95.093,+95.349,+98.846,+101.453,+96.708,+98.211,+97.570
0,124,+101.764,+91.889,+85.849,+86.096,+70.434,+106.337,+107.969,+118.567,+103.050,+82.237,+83.330,+79.551,+111.796,+105.931,+95.584,+95.443,+112.040,+116.890,+113.971,+104.628,+103.027,+96.804,+97.663,+102.232,+101.200,+100.052,+103.668,+97.583,+103.642,+99.938,+97.513,+103.193,+96.033,+96.672,+98.655,+102.107,+104.624,+100.990,+104.636,+103.189
0,125,+86.645,+96.646,+143.035,+144.432,+109.440,+110.367,+100.786,+87.182,+94.299,+92.273,+84.469,+124.805,+106.506,+100.807,+107.960,+115.681,+118.548,+85.471,+103.776,+101.373,+102.199,+98.015,+98.717,+95.021,+102.673,+103.179,+102.456,+102.728,+99.572,+98.299,+102.358,+98.987,+104.577,+96.126,+98.982,+103.060,+98.716,+97.607,+103.570,+104.561
0,126,+86.247,+106.505,+88.776,+107.787,+89.394,+94.688,+114.331,+103.361,+96.344,+123.288,+102.856,+64.664,+103.729,+108.859,+94.878,+122.077,+88.675,+90.285,+112.430,+125.209,+100.339,+98.376,+103.184,+99.698,+98.238,+98.005,+96.931,+102.338,+96.105,+97.713,+97.234,+103.590,+98.420,+95.708,+98.657,+98.365,+104.958,+104.573,+102.442,+99.053
0,127,+104.797,+108.737,+114.596,+94.324,+106.064,+91.243,+95.532,+123.168,+105.769,+102.840,+115.100,+131.767,+127.806,+69.655,+91.103,+79.577,+80.215,+80.378,+109.914,+110.197,+104.000,+99.692,+100.768,+98.819,+101.692,+95.942,+99.057,+104.770,+96.991,+101.998,+96.328,+96.891,+96.861,+103.659,+101.018,+101.889,+99.591,+96.997,+103.083,+96.703
0,128,+75.067,+91.350,+110.850,+95.430,+103.864,+68.726,+109.776,+130.600,+95.573,+118.807,+107.886,+97.764,+148.836,+111.081,+101.150,+96.464,+98.177,+106.044,+71.146,+103.962,+103.487,+99.258,+95.434,+100.981,+97.794,+104.078,+97.104,+103.786,+97.193,+104.081,+98.913,+99.305,+104.598,+101.194,+98.055,+99.150,+103.999,+95.008,+101.620,+102.419
0,129,+113.431,+89.794,+97.333,+107.216,+85.850,+136.155,+94.288,+96.815,+89.198,+129.644,+80.936,+87.242,+122.581,+108.935,+91.503,+106.541,+107.988,+88.358,+108.259,+92.023,+103.444,+103.239,+96.279,+101.022,+98.396,+100.447,+99.354,+102.932,+102.152,+96.579,+100.836,+101.595,+98.421,+98.691,+101.753,+97.280,+103.993,+96.532,+101.129,+96.777
0,130,+117.214,+99.010,+112.472,+100.175,+129.360,+99.601,+77.024,+120.874,+87.835,+137.996,+107.561,+86.487,+86.063,+102.703,+136.053,+120.753,+117.935,+122.959,+105.701,+79.601,+97.496,+102.213,+95.168,+96.116,+102.692,+95.235,+98.401,+97.992,+96.974,+98.568,+97.126,+102.432,+96.969,+102.865,+104.251,+96.537,+102.591,+102.394,+98.067,+102.208
0,131,+84.751,+101.649,+91.884,+97.322,+110.078,+102.665,+94.991,+120.646,+75.985,+96.522,+101.461,+84.929,+112.659,+94.511,+98.235,+122.901,+91.208,+115.732,+115.766,+103.632,+98.463,+99.527,+95.034,+103.751,+99.155,+100.956,+102.052,+102.581,+104.366,+103.965,+104.395,+96.052,+99.537,+100.543,+100.885,+97.088,+98.932,+95.849,+102.755,+95.237
0,132,+95.092,+115.569,+81.349,+99.334,+113.651,+94.706,+81.495,+99.781,+118.624,+87.317,+110.604,+109.346,+108.904,+119.864,+105.643,+109.075,+115.924,+92.170,+94.454,+107.735,+104.398,+97.242,+100.753,+100.863,+98.433,+103.126,+100.282,+95.503,+101.218,+97.916,+103.704,+100.121,+97.059,+104.917,+95.295,+96.701,+104.728,+98.504,+98.083,+104.165
0,133,+101.701,+102.049,+124.809,+106.065,+108.232,+98.235,+94.121,+118.663,+108.343,+107.620,+100.014,+71.256,+116.826,+93.682,+101.572,+110.925,+106.838,+97.854,+82.451,+113.174,+103.905,+96.525,+101.630,+97.064,+95.780,+100.324,+95.024,+98.612,+100.760,+96.384,+103.554,+98.485,+101.289,+99.208,+97.047,+99.752,+101.474,+98.511,+102.739,+103.845
0,134,+98.839,+99.215,+98.257,+98.957,+98.538,+100.003,+85.946,+106.518,+104.788,+110.455,+107.941,+127.780,+85.918,+94.851,+119.709,+85.439,+110.728,+95.980,+82.807,+125.370,+98.644,+97.980,+104.925,+97.744,+104.571,+95.684,+103.005,+97.566,+96.542,+97.617,+104.965,+98.957,+104.210,+95.756,+95.353,+101.071,+96.870,+102.079,+97.720,+104.717
0,135,+94.725,+128.672,+85.426,+106.792,+109.404,+99.283,+104.315,+128.826,+110.483,+64.672,+116.716,+86.750,+106.402,+115.557,+82.169,+121.191,+113.748,+70.916,+77.530,+138.838,+97.561,+95.981,+95.401,+104.927,+97.868,+96.159,+104.519,+96.829,+98.322,+100.720,+95.368,+100.292,+99.608,+101.036,+95.650,+103.624,+96.875,+98.997,+97.812,+104.249
0,136,+95.553,+93.390,+88.970,+104.474,+105.209,+108.421,+94.999,+83.150,+97.442,+98.077,+98.074,+96.225,+91.831,+96.742,+95.574,+109.708,+129.265,+103.450,+90.367,+109.881,+95.578,+98.016,+98.761,+96.377,+98.655,+99.463,+97.998,+98.081,+99.811,+98.882,+101.882,+95.919,+104.964,+100.693,+100.844,+101.068,+99.166,+103.439,+98.214,+104.936
0,137,+75.005,+92.511,+100.612,+103.156,+119.712,+90.869,+97.701,+92.524,+78.548,+98.848,+96.670,+127.264,+94.275,+108.781,+104.403,+81.254,+90.823,+93.939,+128.822,+129.236,+102.569,+98.767,+101.015,+104.600,+96.437,+97.325,+98.450,+100.086,+104.210,+101.656,+96.269,+103.010,+99.239,+96.097,+103.635,+104.304,+96.716,+101.611,+103.043,+98.449
0,138,+113.955,+109.412,+92.314,+87.952,+85.730,+121.011,+92.245,+94.905,+111.015,+112.040,+103.900,+96.383,+67.396,+65.303,+105.479,+95.831,+82.744,+143.089,+89.381,+121.692,+95.105,+104.065,+100.724,+104.911,+97.177,+96.455,+102.681,+98.215,+98.041,+96.887,+104.070,+102.949,+97.216,+101.306,+103.172,+104.489,+103.450,+95.428,+102.430,+101.009
0,139,+130.065,+112.665,+116.441,+101.727,+113.171,+111.520,+114.668,+116.180,+111.754,+104.811,+121.469,+92.593,+117.623,+101.823,+93.099,+103.846,+90.887,+88.961,+125.944,+122.817,+102.364,+102.654,+98.216,+101.827,+102.896,+95.782,+104.553,+101.350,+104.004,+104.476,+97.369,+102.158,+102.412,+101.999,+102.278,+101.436,+101.124,+98.775,+100.809,+97.857
0,140,+150.082,+106.566,+98.421,+107.131,+72.137,+95.429,+90.482,+82.716,+133.771,+101.985,+121.819,+104.736,+85.039,+88.009,+101.223,+111.971,+104.466,+96.692,+100.821,+125.190,+97.312,+103.892,+101.549,+97.723,+96.183,+103.916,+100.158,+101.199,+99.275,+103.698,+100.395,+100.478,+101.474,+99.369,+95.194,+96.222,+99.458,+99.114,+98.681,+104.725
0,141,+98.229,+84.724,+109.162,+107.563,+118.735,+133.463,+106.547,+80.126,+100.755,+102.762,+123.813,+110.583,+101.723,+79.257,+100.205,+121.577,+118.170,+117.148,+88.515,+87.660,+100.325,+104.565,+96.629,+98.156,+103.870,+100.342,+96.305,+104.124,+95.921,+98.854,+100.651,+104.503,+101.125,+98.499,+104.811,+98.960,+103.103,+103.588,+102.919,+98.809
0,142,+95.678,+129.825,+106.206,+85.605,+97.274,+98.169,+81.861,+122.068,+95.575,+123.490,+124.208,+92.583,+97.657,+90.469,+105.563,+104.360,+103.078,+114.786,+101.398,+115.283,+101.028,+95.221,+104.077,+103.451,+102.016,+104.656,+97.284,+101.748,+103.677,+101.035,+95.687,+98.838,+104.794,+102.240,+104.113,+102.966,+102.587,+95.905,+100.080,+98.250
0,143,+60.428,+104.519,+81.815,+93.725,+78.508,+112.260,+103.703,+117.586,+94.524,+97.590,+109.849,+101.867,+101.465,+97.840,+94.305,+104.203,+128.885,+94.620,+112.449,+97.962,+100.238,+95.001,+96.920,+102.840,+100.611,+101.991,+101.892,+96.905,+97.161,+104.884,+99.769,+100.500,+95.871,+96.488,+96.521,+96.876,+99.087,+97.613,+99.841,+101.529
0,144,+104.087,+108.168,+78.680,+98.276,+104.546,+96.391,+105.989,+107.423,+101.294,+97.047,+107.572,+112.575,+93.126,+115.812,+91.355,+68.630,+102.849,+94.595,+99.224,+109.546,+102.393,+104.980,+99.219,+101.739,+102.586,+102.759,+98.115,+102.324,+96.514,+95.053,+98.090,+95.248,+102.019,+104.045,+95.525,+104.090,+97.246,+95.163,+100.136,+101.891
0,145,+115.388,+95.576,+105.194,+121.583,+104.111,+79.908,+80.319,+84.432,+100.111,+91.768,+122.808,+93.010,+96.420,+94.192,+97.155,+111.042,+109.608,+115.661,+111.384,+81.880,+102.897,+97.512,+103.774,+103.582,+104.139,+98.899,+95.106,+99.834,+102.033,+100.882,+95.475,+101.898,+96.280,+102.286,+100.771,+95.203,+97.820,+99.629,+98.544,+102.532
0,146,+81.484,+116.428,+98.911,+99.898,+108.259,+122.803,+119.196,+116.375,+103.423,+100.154,+85.542,+122.039,+114.177,+112.809,+93.595,+104.700,+107.279,+112.713,+82.325,+115.976,+95.201,+104.401,+100.011,+104.331,+95.148,+97.566,+102.305,+95.741,+102.510,+97.465,+102.816,+95.205,+100.295,+96.653,+104.741,+103.660,+97.492,+95.028,+96.535,+95.314
0,147,+101.255,+76.775,+98.250,+102.216,+104.478,+87.863,+89.833,+99.860,+113.150,+115.660,+103.552,+81.788,+88.482,+82.404,+98.700,+103.569,+106.880,+84.556,+110.946,+111.963,+100.466,+100.088,+97.314,+103.709,+98.933,+101.385,+95.327,+95.836,+104.340,+97.313,+98.063,+99.079,+97.637,+97.773,+102.702,+104.063,+98.217,+97.611,+95.653,+97.799
0,148,+84.580,+93.042,+123.050,+116.438,+107.012,+114.541,+97.841,+112.256,+115.058,+91.463,+107.100,+117.922,+97.277,+79.971,+114.341,+112.576,+87.163,+86.323,+79.652,+73.700,+101.644,+101.683,+95.295,+101.563,+102.190,+99.046,+95.816,+99.422,+99.889,+96.963,+100.446,+102.786,+98.010,+99.396,+103.893,+101.259,+102.617,+97.376,+99.931,+102.778
0,149,+117.800,+86.862,+110.336,+121.165,+98.234,+113.941,+96.768,+97.268,+126.760,+112.066,+91.267,+98.982,+101.365,+84.565,+105.888,+109.908,+117.673,+129.096,+116.631,+79.633,+99.732,+104.495,+95.488,+95.840,+97.502,+101.884,+101.795,+100.233,+100.873,+103.267,+102.215,+97.904,+104.384,+102.611,+98.046,+95.942,+95.637,+104.920,+95.654,+98.502
0,150,+99.821,+108.544,+101.843,+102.609,+105.912,+103.558,+82.258,+87.518,+115.582,+87.342,+93.835,+109.209,+99.376,+94.407,+105.158,+127.389,+100.082,+107.316,+102.085,+80.829,+96.580,+103.829,+103.897,+98.743,+95.756,+95.467,+101.276,+102.112,+101.170,+98.143,+104.294,+104.235,+97.975,+104.674,+101.024,+103.947,+104.321,+102.404,+102.026,+95.591
0,151,+109.713,+124.041,+107.616,+113.196,+109.095,+101.270,+106.775,+81.722,+116.740,+93.924,+100.619,+133.583,+101.381,+100.705,+116.410,+94.280,+86.498,+115.310,+101.169,+91.536,+97.318,+101.185,+102.751,+104.116,+100.897,+96.264,+95.454,+100.184,+97.417,+102.855,+103.373,+95.525,+96.874,+98.157,+100.580,+99.907,+103.019,+102.704,+103.507,+99.677
0,152,+102.081,+85.678,+105.160,+111.725,+96.837,+96.345,+104.797,+95.598,+108.465,+103.566,+106.744,+94.673,+91.833,+111.650,+100.962,+111.721,+101.238,+110.892,+90.467,+92.976,+103.683,+95.311,+97.115,+98.617,+100.933,+95.434,+100.345,+102.046,+101.437,+95.211,+100.385,+102.217,+99.156,+103.256,+96.254,+96.949,+97.626,+98.386,+101.565,+100.250
0,153,+85.932,+96.858,+69.392,+125.599,+109.031,+104.330,+99.983,+75.158,+110.023,+94.140,+96.875,+129.632,+75.380,+104.846,+121.387,+112.333,+102.487,+98.438,+116.661,+113.543,+101.141,+101.184,+101.679,+102.953,+103.469,+99.960,+103.441,+98.419,+98.017,+100.010,+97.417,+98.210,+103.268,+103.333,+102.846,+98.446,+96.978,+95.626,+96.959,+104.793
0,154,+97.290,+88.489,+95.891,+84.539,+103.209,+100.084,+133.209,+111.546,+72.115,+114.036,+97.983,+84.519,+106.979,+139.730,+96.818,+59.211,+58.882,+109.054,+106.362,+106.021,+104.132,+101.520,+98.101,+96.706,+104.437,+100.290,+98.055,+100.283,+101.242,+104.818,+100.437,+100.242,+96.662,+95.866,+100.939,+97.005,+97.831,+100.803,+99.828,+97.833
0,155,+116.620,+74.060,+92.002,+124.191,+95.002,+106.756,+122.742,+120.786,+80.871,+140.281,+72.585,+109.472,+115.415,+92.751,+103.745,+99.882,+116.678,+75.126,+93.971,+110.535,+98.575,+95.161,+97.005,+101.064,+102.796,+99.707,+97.821,+101.475,+104.291,+95.157,+95.361,+96.695,+97.334,+104.462,+101.749,+95.416,+96.960,+104.201,+102.893,+97.135
0,156,+119.868,+119.463,+87.570,+101.571,+110.925,+101.042,+66.318,+84.707,+79.614,+98.272,+74.595,+123.750,+119.813,+106.038,+109.530,+54.851,+108.033,+119.478,+101.327,+107.472,+101.271,+98.297,+100.782,+102.100,+96.812,+97.756,+101.179,+100.480,+95.863,+99.788,+95.375,+102.867,+103.556,+100.093,+100.070,+96.756,+97.682,+96.529,+95.132,+95.226
0,157,+83.365,+91.741,+94.927,+96.665,+101.780,+108.010,+93.943,+81.459,+96.286,+98.949,+78.138,+84.582,+110.691,+117.551,+88.658,+124.512,+99.724,+103.256,+99.039,+77.602,+98.400,+102.740,+96.319,+97.901,+99.638,+103.806,+100.587,+101.599,+101.586,+104.712,+98.039,+104.336,+101.801,+102.537,+99.762,+102.133,+98.741,+96.511,+99.077,+102.011
0,158,+116.368,+85.023,+111.425,+104.378,+115.932,+103.116,+130.153,+96.891,+60.836,+89.495,+97.974,+66.127,+113.976,+99.993,+97.357,+81.887,+107.666,+104.385,+124.493,+100.813,+100.128,+102.659,+99.929,+98.644,+102.176,+100.960,+102.179,+96.354,+97.908,+104.811,+98.614,+100.562,+100.573,+98.667,+102.762,+98.742,+96.656,+100.017,+96.223,+95.995
0,159,+98.195,+99.866,+119.453,+90.156,+102.702,+100.445,+100.661,+108.686,+114.996,+123.075,+79.031,+114.482,+98.074,+105.297,+124.064,+96.396,+101.569,+123.497,+75.059,+107.322,+95.740,+103.427,+95.332,+99.043,+95.537,+100.099,+103.921,+100.448,+103.060,+101.950,+98.203,+95.505,+104.240,+96.600,+96.191,+101.297,+104.289,+102.528,+101.661,+103.320
0,160,+127.876,+130.287,+90.740,+93.069,+106.967,+108.929,+100.055,+90.961,+92.924,+88.551,+93.844,+106.260,+108.772,+72.345,+96.044,+91.897,+123.313,+110.309,+106.538,+103.359,+96.023,+101.263,+101.297,+99.384,+98.502,+102.537,+95.075,+102.550,+101.581,+101.005,+102.008,+103.892,+95.215,+99.904,+103.084,+103.847,+96.937,+99.389,+104.623,+96.514
0,161,+126.529,+110.227,+70.142,+94.893,+108.909,+83.607,+74.035,+96.913,+85.439,+101.574,+122.043,+88.003,+90.174,+114.137,+115.868,+120.664,+110.581,+127.732,+88.146,+101.665,+103.901,+98.557,+101.650,+95.667,+97.145,+101.305,+101.374,+100.489,+95.194,+104.659,+101.625,+100.678,+99.429,+104.045,+98.222,+101.223,+102.054,+98.522,+99.678,+95.197
0,162,+97.271,+124.466,+98.134,+120.534,+109.883,+106.587,+108.643,+102.308,+78.714,+123.166,+89.944,+89.389,+107.932,+89.249,+105.159,+121.386,+78.630,+91.070,+93.549,+110.291,+103.810,+100.030,+101.057,+99.471,+100.359,+102.625,+97.948,+97.512,+96.937,+100.003,+99.620,+102.408,+104.321,+99.485,+99.004,+98.585,+100.298,+95.689,+98.066,+102.498
0,163,+110.249,+104.999,+103.879,+119.266,+77.069,+96.929,+86.333,+113.113,+124.900,+104.083,+115.235,+96.627,+92.762,+95.493,+95.539,+108.925,+104.902,+96.242,+119.357,+103.504,+100.514,+103.219,+97.669,+101.402,+104.240,+101.848,+97.742,+95.518,+104.953,+99.884,+98.649,+100.132,+102.159,+103.420,+100.355,+95.117,+99.684,+102.541,+103.549,+104.495
0,164,+88.658,+108.560,+84.958,+100.328,+91.311,+98.485,+123.067,+103.220,+104.351,+113.783,+79.245,+105.632,+88.169,+77.751,+127.488,+68.130,+131.016,+112.316,+85.607,+96.434,+103.611,+101.321,+98.305,+100.690,+96.468,+104.213,+96.426,+95.337,+95.019,+98.319,+102.515,+96.923,+98.283,+103.114,+101.530,+95.033,+100.231,+96.034,+100.472,+95.137
0,165,+116.524,+91.013,+135.663,+81.355,+108.709,+91.620,+100.452,+99.531,+119.454,+90.333,+81.386,+108.990,+126.905,+78.628,+104.073,+98.882,+94.210,+96.142,+108.928,+103.642,+102.508,+98.432,+100.816,+96.055,+95.981,+99.392,+95.414,+99.049,+97.061,+97.278,+99.984,+101.141,+103.845,+96.467,+101.638,+101.582,+96.405,+100.684,+97.491,+104.850
0,166,+69.240,+108.305,+112.901,+76.309,+79.279,+98.660,+99.422,+126.408,+82.233,+87.764,+97.231,+102.005,+113.159,+108.030,+120.597,+94.168,+88.962,+107.945,+84.613,+103.435,+100.183,+103.634,+100.242,+98.627,+97.840,+103.341,+98.066,+101.656,+103.384,+101.704,+101.316,+96.960,+95.791,+98.560,+98.546,+104.713,+103.660,+99.278,+99.179,+96.674
0,167,+107.885,+107.905,+116.280,+98.577,+89.800,+96.586,+95.888,+105.653,+103.115,+115.659,+90.747,+85.904,+108.612,+111.077,+100.398,+104.373,+113.859,+100.077,+105.597,+69.808,+99.210,+95.515,+98.128,+95.870,+104.110,+102.358,+96.388,+104.374,+101.173,+100.090,+98.907,+101.667,+101.419,+103.412,+102.811,+99.998,+101.467,+99.868,+98.268,+101.705
0,168,+100.988,+91.911,+109.761,+119.190,+111.797,+104.571,+94.519,+108.648,+91.394,+107.106,+120.227,+108.161,+87.050,+99.221,+102.332,+96.431,+70.258,+73.629,+108.749,+110.521,+96.566,+97.906,+98.115,+97.851,+103.876,+99.266,+95.843,+98.573,+100.459,+97.498,+96.875,+95.438,+101.945,+103.722,+102.827,+99.826,+95.363,+103.767,+97.692,+102.785
0,169,+77.517,+88.416,+92.946,+106.626,+93.264,+117.792,+117.491,+111.481,+95.170,+102.326,+92.288,+112.589,+63.461,+91.595,+93.875,+125.443,+93.939,+97.087,+116.682,+81.558,+99.233,+97.771,+100.571,+100.035,+99.198,+104.253,+101.069,+101.373,+98.586,+96.317,+100.792,+98.104,+103.974,+98.376,+99.378,+97.446,+99.708,+98.917,+104.421,+102.899
0,170,+141.427,+121.864,+125.189,+113.736,+102.791,+106.906,+100.892,+94.815,+102.704,+106.185,+76.175,+96.380,+87.092,+96.025,+89.066,+95.830,+93.867,+95.803,+113.546,+86.866,+103.250,+103.514,+103.087,+98.725,+101.376,+100.140,+98.078,+98.091,+97.064,+102.516,+100.489,+102.377,+97.691,+101.706,+103.714,+97.191,+103.304,+97.544,+99.753,+97.962
0,171,+100.195,+113.405,+117.323,+111.952,+104.221,+100.734,+104.962,+105.669,+84.303,+99.283,+101.640,+94.467,+105.653,+99.449,+98.277,+73.564,+100.055,+87.487,+104.556,+88.782,+101.823,+101.560,+104.603,+96.771,+96.610,+100.183,+103.483,+97.257,+103.060,+98.048,+99.941,+104.878,+95.602,+101.342,+104.291,+100.744,+101.211,+103.130,+102.951,+98.193
0,172,+96.580,+94.730,+106.355,+118.181,+121.444,+110.435,+105.714,+103.202,+82.262,+111.028,+101.752,+75.838,+99.752,+73.163,+110.542,+116.025,+109.284,+85.813,+88.245,+121.646,+97.761,+98.919,+95.429,+97.322,+97.285,+96.071,+96.410,+97.971,+101.124,+98.702,+95.256,+98.266,+96.307,+100.429,+98.351,+100.128,+96.082,+104.911,+100.869,+100.931
0,173,+92.592,+91.583,+108.859,+116.478,+103.150,+92.722,+99.563,+105.091,+108.316,+103.475,+135.552,+109.695,+121.977,+70.816,+122.298,+109.480,+88.399,+125.092,+97.830,+117.819,+101.611,+103.658,+96.615,+96.618,+95.183,+97.330,+99.505,+104.622,+97.466,+99.355,+99.703,+103.341,+104.620,+103.333,+99.806,+102.988,+96.111,+98.466,+96.418,+100.850
0,174,+95.866,+91.025,+86.267,+81.285,+89.914,+124.333,+76.474,+116.409,+131.545,+116.073,+120.245,+94.352,+114.691,+105.456,+108.994,+132.910,+87.658,+88.230,+97.387,+91.313,+104.025,+96.451,+101.352,+98.850,+99.640,+95.408,+101.331,+96.981,+103.110,+101.927,+97.585,+102.117,+96.774,+103.188,+97.849,+97.557,+98.322,+101.532,+101.787,+98.857
0,175,+86.441,+113.904,+82.179,+110.909,+124.891,+103.597,+110.272,+95.684,+114.635,+111.978,+121.526,+109.052,+95.840,+101.374,+99.010,+139.079,+109.590,+104.824,+116.607,+81.627,+103.224,+100.549,+100.264,+104.071,+103.196,+99.274,+103.278,+101.800,+100.604,+102.011,+103.647,+98.185,+95.874,+103.001,+102.578,+99.416,+100.347,+96.925,+102.355,+95.205
0,176,+132.478,+110.328,+113.243,+109.385,+99.878,+121.793,+95.299,+114.263,+91.967,+83.483,+89.216,+99.410,+100.466,+105.448,+97.697,+90.627,+113.012,+99.112,+94.718,+96.844,+100.214,+104.213,+103.802,+102.426,+98.936,+98.353,+96.666,+104.537,+101.407,+101.947,+97.659,+95.474,+103.328,+100.870,+103.626,+104.455,+104.335,+95.552,+95.949,+98.679
0,177,+97.812,+124.774,+83.436,+77.858,+90.514,+109.658,+84.063,+89.951,+96.042,+89.311,+102.355,+119.606,+94.444,+120.871,+104.806,+93.288,+93.434,+101.016,+78.827,+125.694,+98.412,+96.786,+102.815,+97.020,+100.933,+101.336,+95.690,+96.386,+96.904,+100.849,+97.367,+96.643,+101.288,+96.763,+102.924,+97.330,+102.741,+102.646,+97.134,+103.675
0,178,+110.966,+99.647,+90.871,+70.068,+102.420,+121.207,+74.955,+83.144,+94.660,+113.107,+94.710,+84.065,+104.297,+76.068,+122.543,+112.527,+118.948,+116.296,+105.411,+87.434,+99.557,+95.238,+100.352,+97.512,+103.357,+104.691,+104.066,+98.935,+97.369,+100.731,+98.524,+100.096,+102.728,+101.054,+101.526,+102.829,+95.314,+102.179,+98.935,+96.663
0,179,+97.944,+96.018,+91.409,+71.531,+82.452,+107.361,+75.296,+91.646,+127.973,+126.327,+105.142,+114.841,+102.028,+83.340,+88.924,+110.487,+95.841,+89.860,+90.456,+105.023,+103.311,+101.618,+99.126,+102.348,+97.316,+102.876,+103.330,+101.160,+103.164,+103.769,+104.498,+97.729,+101.688,+101.281,+103.017,+100.487,+103.887,+95.580,+101.515,+102.190
0,180,+103.177,+96.310,+82.838,+100.597,+72.511,+113.147,+115.549,+90.909,+94.932,+119.986,+121.944,+95.210,+103.007,+95.837,+97.384,+115.403,+95.212,+91.632,+90.318,+106.917,+102.026,+104.534,+100.493,+95.056,+99.433,+95.047,+101.804,+102.209,+102.533,+102.556,+101.687,+103.564,+97.181,+95.688,+104.219,+102.813,+102.106,+103.298,+102.839,+102.942
0,181,+110.455,+122.755,+96.300,+95.661,+99.875,+122.393,+98.188,+106.257,+109.019,+96.635,+104.963,+102.146,+91.528,+105.594,+94.733,+97.961,+102.833,+113.286,+97.933,+110.286,+95.769,+101.580,+97.498,+98.800,+96.736,+97.039,+104.460,+101.039,+99.831,+98.012,+100.335,+102.310,+97.262,+99.390,+98.321,+104.325,+99.388,+95.649,+99.853,+101.791
0,182,+108.629,+115.374,+82.086,+83.878,+117.127,+106.483,+116.830,+109.359,+122.159,+113.824,+93.933,+114.229,+94.750,+115.669,+130.942,+101.243,+126.443,+100.150,+123.159,+114.665,+104.907,+102.823,+104.412,+104.474,+101.325,+98.517,+103.199,+95.238,+104.189,+99.190,+96.729,+104.532,+100.156,+104.620,+99.932,+100.285,+102.179,+100.860,+102.864,+102.560
0,183,+91.806,+103.945,+125.388,+103.719,+88.177,+111.372,+123.963,+105.739,+90.470,+135.238,+110.468,+104.716,+102.065,+115.846,+122.115,+83.900,+94.525,+91.713,+116.059,+103.665,+99.328,+96.933,+98.276,+99.981,+96.816,+95.898,+104.742,+95.168,+95.184,+101.578,+101.818,+95.147,+102.562,+97.085,+97.463,+102.850,+99.832,+102.991,+103.026,+95.440
0,184,+106.004,+87.733,+109.502,+104.673,+87.232,+89.158,+83.812,+87.389,+98.381,+115.512,+133.663,+105.558,+108.265,+92.717,+135.959,+105.191,+114.268,+105.857,+106.971,+123.179,+96.888,+100.931,+101.439,+98.593,+101.231,+97.736,+97.375,+96.690,+100.513,+97.312,+95.543,+104.212,+96.610,+96.172,+98.290,+100.399,+102.969,+103.413,+103.976,+99.183
0,185,+102.177,+99.395,+91.483,+116.996,+99.350,+103.530,+125.224,+102.065,+86.397,+110.403,+108.791,+127.053,+121.086,+77.030,+106.503,+94.296,+118.628,+84.496,+112.024,+103.311,+104.034,+96.039,+96.629,+103.308,+95.372,+96.694,+99.539,+104.244,+104.016,+103.947,+95.429,+104.054,+104.336,+102.316,+104.923,+101.009,+99.268,+103.417,+100.034,+99.411
0,186,+100.749,+96.673,+113.008,+106.546,+73.318,+131.018,+102.025,+101.205,+83.963,+95.110,+117.922,+118.128,+105.582,+98.851,+96.120,+89.937,+81.357,+122.707,+96.795,+87.425,+98.369,+102.452,+99.106,+98.099,+97.032,+100.731,+97.824,+95.184,+97.732,+100.759,+95.018,+100.735,+98.362,+104.610,+96.288,+100.653,+95.686,+99.493,+103.273,+96.051
0,187,+97.949,+83.640,+83.317,+102.660,+96.072,+75.530,+102.695,+115.415,+99.346,+112.773,+85.910,+85.445,+70.928,+114.151,+81.004,+94.918,+82.580,+109.060,+89.308,+123.492,+104.068,+103.663,+95.491,+104.167,+101.339,+96.778,+99.805,+100.066,+96.517,+103.011,+102.521,+100.963,+104.443,+104.120,+100.637,+102.553,+104.941,+103.115,+99.781,+96.830
0,188,+78.711,+102.101,+87.723,+84.163,+108.279,+127.869,+89.750,+115.114,+101.319,+90.866,+74.109,+81.365,+101.136,+128.055,+98.752,+99.703,+103.363,+121.123,+90.501,+103.117,+102.893,+95.073,+95.881,+97.169,+101.283,+99.986,+102.133,+104.216,+104.985,+99.585,+102.437,+98.877,+100.786,+97.113,+101.729,+101.588,+100.137,+97.174,+100.457,+103.116
0,189,+108.270,+103.121,+97.274,+86.642,+104.820,+118.471,+101.277,+82.024,+114.141,+108.468,+125.825,+104.742,+100.428,+116.873,+154.682,+102.012,+100.636,+94.670,+89.586,+90.242,+101.572,+96.667,+99.860,+100.744,+101.891,+103.004,+97.456,+102.805,+102.437,+99.623,+104.021,+100.519,+95.788,+96.679,+96.419,+100.730,+104.848,+100.932,+98.014,+96.995
0,190,+75.049,+92.895,+117.354,+73.474,+96.096,+97.841,+107.655,+105.460,+119.923,+102.084,+98.909,+87.694,+105.857,+60.827,+109.752,+102.618,+95.821,+87.202,+112.809,+99.426,+102.031,+95.644,+103.354,+99.981,+103.123,+96.843,+99.192,+97.258,+102.958,+103.070,+97.465,+102.693,+99.328,+98.457,+97.853,+101.589,+98.531,+96.976,+100.876,+101.429
0,191,+115.135,+133.809,+88.342,+126.216,+99.145,+80.174,+94.583,+118.611,+110.864,+118.530,+88.879,+103.499,+97.629,+119.493,+95.635,+99.549,+93.802,+98.613,+96.223,+130.210,+102.529,+102.851,+97.647,+97.205,+97.750,+97.538,+102.760,+95.140,+98.965,+102.731,+99.767,+97.717,+99.393,+104.566,+95.831,+95.667,+104.301,+95.035,+103.028,+99.021
0,192,+137.709,+96.703,+96.543,+106.909,+111.644,+88.817,+100.080,+83.224,+91.599,+116.207,+80.640,+103.036,+122.781,+77.675,+106.163,+98.915,+109.702,+74.932,+101.105,+83.256,+98.389,+101.199,+96.893,+104.529,+104.234,+99.690,+97.492,+104.637,+100.556,+101.446,+103.412,+96.526,+95.356,+100.437,+104.439,+103.825,+102.238,+100.300,+104.905,+100.291
0,193,+137.049,+97.264,+104.018,+113.614,+106.528,+102.177,+136.792,+84.081,+81.366,+111.455,+113.937,+121.119,+102.679,+114.065,+114.899,+113.383,+116.161,+108.261,+106.579,+115.074,+103.255,+99.699,+100.594,+98.589,+98.455,+102.754,+97.117,+97.311,+101.195,+96.497,+95.563,+103.653,+99.561,+100.608,+100.467,+98.439,+99.647,+100.667,+100.582,+103.805
0,194,+119.065,+126.373,+99.829,+94.234,+90.076,+119.943,+117.921,+115.791,+114.684,+120.573,+93.245,+97.865,+68.443,+120.797,+111.513,+112.453,+108.661,+115.597,+68.441,+133.757,+95.669,+101.362,+100.679,+101.633,+101.610,+99.945,+96.688,+103.727,+98.497,+96.017,+99.091,+103.975,+102.607,+99.340,+95.409,+103.282,+97.218,+99.550,+102.110,+98.318
0,195,+131.454,+96.930,+104.471,+120.226,+100.083,+82.232,+114.466,+113.565,+105.609,+96.506,+109.924,+117.896,+90.293,+118.635,+91.995,+86.325,+102.334,+108.296,+93.573,+115.936,+95.233,+100.726,+102.218,+103.273,+96.425,+99.854,+96.350,+98.275,+99.083,+103.523,+98.565,+95.355,+100.460,+95.642,+104.158,+104.895,+100.052,+97.880,+95.443,+99.371
0,196,+118.765,+92.623,+97.274,+86.594,+93.882,+99.724,+109.323,+102.908,+106.899,+92.611,+114.829,+103.412,+113.135,+133.178,+86.918,+120.828,+105.669,+97.739,+128.120,+105.107,+104.252,+96.961,+101.344,+102.496,+103.260,+98.754,+104.280,+102.374,+104.668,+100.976,+95.181,+100.945,+96.209,+96.944,+99.579,+102.440,+100.846,+96.953,+102.672,+101.418
0,197,+120.001,+115.089,+93.915,+95.303,+97.188,+102.433,+120.072,+91.230,+104.009,+101.150,+89.517,+111.756,+107.381,+101.108,+97.909,+90.327,+106.503,+100.141,+93.445,+93.480,+100.943,+104.363,+97.254,+104.950,+101.320,+102.433,+99.223,+103.743,+100.424,+97.649,+97.098,+101.376,+101.059,+97.946,+104.655,+95.502,+102.963,+98.601,+100.196,+103.084
0,198,+83.658,+108.996,+101.937,+98.741,+122.080,+99.416,+90.178,+94.212,+103.481,+78.405,+109.018,+106.099,+103.060,+111.154,+88.024,+90.928,+100.905,+118.924,+91.238,+108.570,+96.124,+97.218,+102.879,+102.929,+101.079,+101.030,+96.344,+102.876,+102.170,+96.917,+98.059,+103.935,+96.401,+102.463,+98.012,+95.490,+104.496,+99.708,+95.444,+96.955
0,199,+93.654,+87.190,+106.573,+105.721,+91.483,+124.214,+95.384,+92.231,+68.342,+89.234,+111.634,+112.710,+78.764,+113.059,+101.349,+109.681,+103.512,+89.357,+109.127,+120.120,+104.566,+102.369,+104.825,+98.302,+104.150,+104.790,+103.954,+102.280,+100.788,+96.641,+103.532,+95.338,+104.775,+97.532,+96.446,+95.140,+102.566,+97.603,+95.804,+96.584
0,200,+113.829,+130.523,+108.246,+114.060,+94.491,+111.207,+107.585,+86.838,+117.095,+92.438,+97.489,+80.031,+98.359,+112.503,+99.566,+107.545,+109.324,+99.103,+98.386,+121.740,+100.081,+102.826,+98.742,+99.839,+99.232,+99.717,+101.206,+95.469,+101.139,+98.743,+96.456,+97.083,+99.318,+104.684,+97.186,+102.204,+99.377,+98.979,+104.155,+97.928
0,201,+86.573,+79.902,+101.285,+113.368,+102.743,+120.868,+106.362,+111.467,+88.556,+84.566,+110.165,+134.851,+114.003,+96.921,+89.126,+97.442,+57.143,+87.755,+85.593,+101.763,+101.148,+96.814,+103.254,+102.596,+96.829,+95.392,+96.108,+98.913,+102.341,+97.603,+101.142,+102.406,+102.372,+95.243,+97.368,+96.063,+99.127,+104.610,+99.877,+101.819
0,202,+87.490,+81.478,+85.356,+117.280,+88.992,+72.436,+109.157,+97.161,+73.083,+136.157,+115.562,+90.200,+90.605,+98.764,+97.521,+108.775,+123.987,+85.545,+101.356,+86.208,+100.587,+97.162,+102.200,+96.349,+100.718,+104.722,+99.320,+100.023,+103.726,+101.538,+103.854,+97.039,+100.336,+96.145,+102.481,+97.424,+96.184,+100.965,+97.329,+101.964
0,203,+101.805,+83.804,+87.829,+78.632,+113.234,+73.943,+99.452,+127.671,+112.658,+97.474,+85.462,+103.890,+115.341,+128.894,+79.282,+90.677,+98.859,+76.297,+111.731,+105.662,+104.505,+97.338,+101.762,+96.502,+99.988,+100.245,+96.870,+97.623,+96.341,+99.670,+95.829,+96.690,+98.611,+96.857,+95.494,+100.488,+98.847,+98.567,+99.685,+97.423
0,204,+102.353,+103.916,+99.364,+89.953,+94.774,+113.876,+84.603,+108.320,+137.938,+80.388,+87.678,+86.660,+103.924,+112.761,+111.171,+78.496,+92.824,+86.520,+92.040,+105.580,+98.766,+102.347,+101.243,+96.011,+101.702,+95.197,+99.721,+103.041,+97.091,+102.013,+95.537,+98.586,+98.859,+98.692,+98.014,+98.197,+95.049,+95.337,+103.056,+102.274
0,205,+99.170,+84.216,+126.299,+116.484,+100.073,+110.485,+127.059,+107.341,+96.583,+78.194,+105.277,+98.557,+109.365,+110.801,+102.110,+134.497,+114.895,+92.904,+112.058,+141.941,+96.883,+98.702,+104.174,+100.227,+99.786,+95.497,+103.055,+97.206,+100.102,+96.753,+96.743,+97.583,+103.726,+101.036,+103.159,+103.672,+98.407,+100.188,+101.641,+99.721
0,206,+91.363,+92.604,+96.740,+71.302,+103.948,+89.006,+96.548,+89.456,+120.899,+115.327,+98.512,+80.116,+106.954,+90.953,+96.353,+122.606,+110.028,+82.757,+92.171,+92.555,+100.115,+101.792,+97.697,+104.705,+96.802,+97.736,+96.097,+96.187,+103.346,+99.717,+102.701,+97.440,+102.276,+103.392,+96.022,+104.204,+104.075,+100.189,+99.367,+99.159
0,207,+116.221,+132.916,+100.734,+98.651,+104.883,+123.680,+85.801,+91.673,+82.660,+123.551,+78.809,+108.983,+97.114,+104.093,+114.203,+120.375,+86.853,+135.733,+121.282,+95.754,+101.926,+97.036,+99.555,+95.341,+101.890,+102.510,+103.535,+102.124,+103.007,+101.656,+101.190,+103.234,+98.888,+99.578,+101.618,+100.328,+99.963,+97.683,+95.092,+102.969
0,208,+92.052,+93.776,+118.010,+126.136,+110.744,+98.681,+104.920,+113.620,+90.592,+112.506,+104.761,+93.730,+115.283,+115.522,+101.199,+121.170,+66.276,+99.464,+96.299,+120.279,+102.711,+101.347,+102.508,+101.124,+103.249,+98.496,+102.163,+104.781,+99.884,+104.384,+100.886,+97.957,+95.801,+104.816,+102.870,+97.840,+95.856,+103.478,+95.802,+102.209
0,209,+119.286,+115.735,+105.344,+127.625,+100.362,+103.012,+97.343,+80.457,+107.111,+110.600,+98.385,+135.088,+123.449,+101.839,+90.279,+92.586,+83.098,+99.219,+102.423,+72.859,+96.038,+98.742,+97.712,+96.061,+101.464,+97.314,+103.250,+103.361,+95.193,+97.731,+95.105,+97.103,+101.089,+96.144,+97.385,+101.785,+97.485,+103.419,+97.332,+95.512
0,210,+103.485,+98.660,+78.573,+83.921,+122.430,+99.690,+105.677,+94.655,+101.867,+110.517,+119.693,+88.200,+100.852,+81.120,+115.820,+106.591,+112.536,+84.779,+112.539,+105.015,+95.869,+103.853,+97.573,+101.397,+99.624,+104.171,+100.540,+95.315,+97.924,+98.675,+95.400,+97.567,+102.258,+98.075,+101.517,+101.857,+99.595,+102.456,+98.726,+97.795
0,211,+113.397,+106.084,+123.384,+140.850,+96.553,+101.368,+105.901,+102.156,+104.662,+106.127,+98.415,+117.663,+79.435,+133.108,+98.114,+65.417,+89.853,+114.949,+104.585,+95.933,+97.224,+100.076,+98.112,+102.101,+102.680,+98.079,+102.059,+103.173,+95.425,+104.010,+99.606,+100.266,+98.895,+96.044,+96.234,+100.052,+99.663,+101.335,+96.708,+100.294
0,212,+92.121,+80.308,+90.856,+94.969,+115.216,+130.991,+101.461,+114.368,+111.089,+115.239,+95.956,+89.340,+127.960,+90.277,+113.307,+88.066,+117.528,+92.178,+89.699,+86.215,+97.361,+95.371,+97.782,+96.036,+102.509,+102.126,+97.464,+98.303,+101.251,+104.889,+103.759,+99.170,+104.384,+97.707,+96.854,+95.900,+97.192,+100.879,+103.065,+101.583
0,213,+71.510,+125.522,+114.759,+85.133,+115.127,+118.986,+102.535,+103.471,+73.628,+101.227,+100.786,+81.105,+101.707,+76.255,+90.399,+136.585,+110.707,+99.000,+109.384,+91.138,+101.395,+101.075,+104.472,+100.057,+104.752,+102.924,+95.950,+103.604,+101.554,+104.965,+97.853,+98.668,+96.740,+96.404,+96.302,+104.090,+98.395,+97.979,+96.117,+102.504
0,214,+121.764,+113.787,+111.936,+93.503,+118.123,+103.551,+78.789,+98.601,+119.661,+112.988,+128.872,+94.273,+90.925,+122.183,+81.907,+97.014,+95.089,+105.188,+95.475,+96.036,+103.735,+101.165,+97.441,+100.453,+98.760,+99.094,+96.875,+102.962,+100.720,+96.990,+96.249,+102.123,+103.700,+104.421,+96.375,+103.802,+96.687,+100.010,+98.591,+96.495
0,215,+107.719,+88.788,+84.480,+118.299,+103.576,+110.158,+103.050,+115.594,+105.779,+94.573,+117.379,+107.763,+91.380,+106.064,+116.600,+84.529,+98.539,+99.883,+109.331,+106.318,+99.510,+97.750,+102.446,+98.327,+102.101,+97.358,+102.932,+96.986,+97.187,+96.492,+97.810,+99.335,+96.183,+99.153,+103.890,+102.266,+102.797,+96.485,+100.087,+100.851
0,216,+115.970,+117.543,+112.435,+96.547,+81.503,+106.578,+123.813,+100.528,+75.645,+93.645,+99.839,+92.177,+91.604,+104.670,+110.739,+114.549,+101.745,+103.520,+102.451,+90.813,+98.853,+99.270,+98.886,+95.129,+99.284,+98.804,+98.281,+104.550,+103.966,+102.687,+102.039,+99.495,+99.898,+98.111,+99.427,+97.193,+99.698,+101.895,+95.111,+102.050
0,217,+120.521,+97.709,+106.105,+112.750,+101.566,+100.386,+105.082,+112.280,+96.542,+138.699,+111.616,+124.723,+108.279,+57.804,+96.771,+80.067,+89.789,+93.734,+113.706,+110.425,+96.909,+99.941,+102.016,+97.148,+102.402,+99.711,+99.774,+98.270,+101.235,+101.539,+99.257,+102.835,+103.778,+95.869,+98.179,+101.922,+103.228,+96.814,+98.167,+99.196
0,218,+99.994,+86.851,+96.794,+93.165,+101.779,+106.892,+117.563,+103.182,+135.400,+105.468,+124.536,+103.527,+115.641,+119.976,+119.508,+81.370,+107.043,+81.173,+79.428,+102.768,+100.013,+100.430,+96.634,+101.754,+100.501,+95.407,+100.753,+95.970,+104.840,+104.369,+95.359,+98.639,+103.579,+98.509,+103.079,+104.770,+100.171,+96.493,+98.156,+102.103
0,219,+96.430,+117.543,+92.675,+111.369,+105.874,+112.152,+107.198,+113.904,+106.524,+94.965,+91.197,+104.295,+108.925,+123.155,+104.394,+95.456,+105.097,+116.276,+107.041,+126.307,+98.077,+98.024,+100.449,+95.174,+101.186,+97.765,+103.568,+101.781,+102.171,+104.169,+97.616,+100.675,+104.764,+98.911,+98.575,+104.912,+104.720,+102.406,+98.994,+95.927
0,220,+79.318,+109.207,+121.133,+105.730,+121.941,+100.995,+100.088,+95.606,+100.190,+120.509,+85.679,+98.006,+88.523,+105.516,+91.520,+85.050,+108.408,+108.517,+99.017,+88.821,+103.758,+99.716,+100.942,+96.831,+95.233,+100.653,+100.224,+100.417,+102.736,+104.722,+103.604,+98.551,+102.268,+97.820,+100.028,+102.536,+103.868,+97.167,+99.844,+96.350
0,221,+97.934,+116.151,+107.401,+123.552,+92.760,+106.610,+77.269,+125.409,+117.194,+121.900,+87.888,+118.967,+121.888,+98.159,+101.446,+121.519,+110.506,+118.573,+102.953,+115.043,+104.305,+102.447,+97.822,+103.609,+103.243,+101.662,+95.809,+96.568,+99.615,+101.462,+103.444,+101.978,+97.921,+99.567,+101.470,+100.407,+104.199,+99.665,+98.155,+100.585
0,222,+98.425,+114.984,+146.017,+103.388,+105.677,+95.930,+97.933,+108.519,+102.599,+110.283,+93.711,+84.685,+83.286,+102.164,+115.112,+106.654,+104.618,+94.029,+94.994,+92.270,+96.737,+96.123,+104.995,+101.389,+97.632,+102.550,+100.521,+103.033,+104.785,+98.069,+100.460,+103.055,+103.802,+103.253,+97.217,+97.958,+103.977,+100.795,+95.278,+98.748
0,223,+96.022,+94.486,+95.708,+106.392,+93.357,+110.834,+109.477,+95.609,+88.349,+103.051,+88.147,+96.261,+113.332,+112.273,+108.562,+112.217,+89.875,+79.250,+84.041,+112.327,+101.925,+102.944,+102.655,+98.584,+104.893,+98.567,+100.513,+101.138,+103.272,+100.860,+96.319,+97.563,+99.316,+99.388,+97.746,+103.916,+98.466,+104.824,+98.587,+98.179
0,224,+70.299,+86.836,+126.197,+92.579,+111.807,+106.493,+110.909,+103.627,+101.299,+86.358,+99.090,+107.043,+103.788,+129.439,+128.991,+102.635,+113.909,+102.998,+94.680,+109.922,+97.398,+99.512,+95.679,+97.981,+103.778,+99.267,+98.798,+101.074,+96.978,+99.127,+101.398,+99.360,+104.050,+98.666,+97.673,+101.927,+98.279,+98.377,+101.604,+98.311
0,225,+85.404,+96.249,+88.944,+94.905,+106.428,+91.126,+89.883,+98.034,+85.943,+96.530,+122.487,+106.679,+123.773,+94.368,+99.210,+87.911,+100.231,+99.760,+114.552,+89.601,+100.073,+97.297,+98.565,+97.918,+97.046,+98.068,+98.344,+99.262,+96.921,+97.285,+104.204,+102.402,+101.696,+98.981,+102.695,+98.403,+99.873,+96.177,+103.166,+104.629
0,226,+90.388,+97.846,+91.389,+144.725,+111.582,+88.839,+107.710,+106.768,+80.633,+77.197,+108.390,+96.749,+98.653,+101.340,+109.995,+81.805,+118.683,+99.143,+106.216,+108.152,+100.631,+98.097,+101.858,+104.276,+104.796,+103.137,+101.864,+97.819,+103.647,+104.841,+104.360,+99.368,+102.103,+98.867,+98.443,+98.704,+104.857,+101.921,+96.106,+95.526
0,227,+106.084,+99.019,+113.277,+92.503,+108.337,+114.927,+101.375,+88.840,+95.548,+104.163,+98.814,+76.299,+90.214,+130.749,+116.080,+88.840,+85.329,+97.037,+82.500,+80.179,+98.542,+102.566,+98.562,+101.161,+96.227,+99.214,+102.737,+103.295,+96.360,+100.269,+104.076,+99.151,+99.872,+98.935,+103.661,+98.435,+98.378,+95.176,+99.340,+97.321
0,228,+97.667,+77.192,+95.577,+82.058,+129.921,+111.853,+109.946,+121.750,+124.932,+113.963,+101.532,+106.753,+108.295,+102.369,+110.308,+108.230,+97.938,+90.498,+99.261,+97.659,+103.240,+103.725,+98.825,+95.654,+101.272,+101.758,+98.587,+98.811,+98.274,+103.885,+98.571,+97.192,+101.341,+102.738,+97.917,+99.010,+98.958,+104.528,+97.202,+99.054
0,229,+122.189,+115.172,+120.231,+101.051,+103.725,+110.741,+103.998,+104.328,+107.125,+97.067,+101.765,+127.850,+105.750,+84.332,+96.925,+135.678,+131.318,+92.480,+119.873,+113.076,+100.051,+98.309,+99.371,+97.182,+104.308,+100.795,+98.016,+103.472,+102.085,+95.502,+103.734,+99.223,+97.747,+95.331,+95.181,+96.209,+103.644,+102.912,+96.741,+97.545
0,230,+86.938,+85.217,+101.514,+103.216,+121.588,+101.542,+116.640,+113.534,+94.115,+120.441,+128.122,+95.803,+108.972,+87.049,+106.541,+105.846,+84.678,+100.594,+98.208,+105.198,+98.780,+102.021,+95.651,+96.646,+97.778,+98.381,+102.839,+95.243,+103.113,+103.639,+96.336,+104.779,+95.187,+104.101,+99.560,+101.053,+100.121,+103.402,+103.922,+96.931
0,231,+99.196,+99.810,+97.282,+101.448,+124.079,+95.460,+95.568,+94.891,+134.393,+104.365,+120.069,+88.424,+107.209,+102.992,+124.505,+131.652,+112.441,+88.744,+104.201,+116.962,+99.711,+101.149,+97.036,+95.886,+104.514,+96.968,+102.452,+100.523,+103.519,+99.740,+104.540,+98.871,+99.647,+95.804,+100.175,+98.065,+100.616,+95.712,+104.967,+104.749
0,232,+110.881,+100.511,+121.072,+89.271,+138.393,+95.388,+79.011,+105.468,+109.746,+100.232,+114.165,+108.018,+91.243,+97.481,+107.180,+108.996,+91.070,+103.310,+125.565,+98.314,+98.838,+95.684,+104.914,+98.354,+97.263,+95.268,+96.909,+104.199,+95.283,+95.642,+96.718,+101.306,+96.219,+97.871,+97.508,+100.587,+102.045,+96.692,+102.764,+102.141
0,233,+110.937,+105.052,+107.546,+78.072,+121.969,+92.887,+134.871,+132.016,+95.355,+115.536,+86.178,+106.067,+90.818,+67.549,+90.739,+106.042,+78.437,+128.694,+83.925,+102.069,+102.017,+102.796,+98.458,+103.652,+100.000,+102.669,+98.710,+100.533,+95.044,+99.153,+97.300,+98.294,+98.383,+97.016,+100.734,+99.187,+97.270,+100.879,+100.800,+97.087
0,234,+93.752,+98.577,+90.187,+127.064,+94.575,+97.185,+100.672,+114.743,+90.996,+112.629,+111.846,+107.611,+98.812,+119.902,+92.100,+104.026,+115.757,+114.074,+100.485,+109.805,+97.491,+104.620,+104.915,+95.495,+102.689,+97.250,+99.788,+102.743,+100.760,+101.665,+103.610,+96.589,+96.045,+101.829,+96.823,+97.677,+102.069,+101.278,+95.763,+104.311
0,235,+113.433,+89.291,+92.915,+113.423,+72.809,+122.174,+99.824,+118.605,+105.667,+111.266,+99.650,+96.277,+112.208,+116.694,+98.175,+121.657,+111.734,+106.673,+113.968,+137.475,+103.463,+99.692,+102.977,+103.014,+96.064,+101.244,+97.132,+99.216,+104.076,+99.928,+99.116,+97.857,+99.437,+95.737,+102.144,+101.652,+95.222,+102.971,+97.214,+103.775
0,236,+99.810,+100.145,+80.049,+87.546,+82.063,+98.330,+107.088,+108.659,+116.706,+120.241,+125.908,+102.232,+101.494,+112.395,+102.656,+81.557,+90.752,+110.423,+97.141,+71.283,+102.528,+96.931,+98.190,+97.678,+98.428,+103.344,+103.545,+100.470,+97.330,+102.775,+95.813,+104.643,+99.854,+99.530,+99.977,+96.565,+98.110,+99.077,+99.509,+99.310
0,237,+100.093,+82.551,+116.453,+103.653,+98.697,+103.936,+95.216,+104.432,+104.913,+85.576,+97.843,+105.835,+119.863,+107.569,+104.992,+108.633,+103.575,+78.405,+89.986,+95.078,+97.959,+98.500,+95.315,+103.174,+96.578,+97.514,+95.410,+97.378,+97.061,+99.915,+99.450,+100.075,+99.009,+96.147,+102.014,+104.935,+99.360,+98.254,+100.488,+96.055
0,238,+114.298,+109.178,+98.756,+77.626,+93.910,+102.917,+87.915,+83.305,+100.130,+117.164,+126.036,+113.088,+97.420,+85.956,+87.543,+100.576,+114.425,+109.360,+101.194,+87.831,+102.882,+101.247,+95.332,+104.400,+98.408,+100.087,+95.914,+97.508,+99.188,+101.515,+103.061,+101.204,+98.723,+102.496,+104.840,+101.381,+96.225,+102.093,+100.694,+97.453
0,239,+81.978,+95.011,+117.607,+112.743,+124.041,+93.604,+66.860,+91.390,+109.577,+93.819,+95.604,+96.906,+79.330,+123.204,+77.420,+82.964,+93.656,+98.788,+81.998,+100.880,+100.482,+104.625,+95.998,+98.823,+99.159,+98.658,+104.787,+102.313,+100.836,+103.936,+102.363,+102.159,+95.514,+99.365,+97.500,+97.502,+99.331,+99.785,+104.865,+101.275
0,240,+123.368,+109.336,+101.250,+102.139,+96.822,+126.655,+118.670,+113.811,+114.524,+66.867,+88.951,+89.972,+125.700,+104.765,+118.364,+103.033,+118.396,+96.318,+80.696,+82.059,+99.020,+95.746,+100.870,+104.876,+97.008,+97.083,+101.731,+96.431,+98.995,+97.149,+104.904,+96.584,+102.275,+98.374,+97.344,+103.257,+102.827,+101.326,+99.515,+96.870
0,241,+75.787,+129.568,+102.501,+106.195,+107.844,+99.562,+122.482,+115.812,+140.148,+97.165,+106.553,+122.432,+96.888,+113.965,+121.650,+89.485,+79.747,+86.062,+137.921,+109.536,+102.011,+104.127,+98.355,+99.513,+95.261,+102.790,+99.000,+98.705,+98.130,+97.780,+97.293,+95.526,+98.540,+97.236,+95.034,+104.547,+104.413,+100.931,+103.290,+103.158
0,242,+103.366,+111.753,+97.877,+120.235,+129.327,+106.352,+92.684,+76.980,+92.518,+95.866,+114.032,+105.856,+99.226,+114.361,+84.125,+106.025,+111.438,+106.515,+104.000,+102.081,+95.691,+95.131,+98.621,+99.612,+101.669,+104.716,+101.565,+100.763,+99.654,+100.270,+98.674,+101.324,+96.965,+95.587,+102.315,+104.249,+104.136,+100.730,+103.087,+97.669
0,243,+106.994,+112.176,+117.967,+100.893,+94.431,+130.813,+90.490,+93.777,+112.378,+101.307,+95.466,+96.051,+97.517,+111.830,+110.950,+93.710,+69.596,+105.415,+115.138,+88.534,+100.908,+96.716,+98.683,+100.792,+99.677,+98.385,+101.640,+98.335,+104.653,+96.423,+98.508,+99.084,+102.963,+103.758,+96.535,+100.934,+98.117,+104.869,+102.730,+98.246
0,244,+82.304,+98.622,+80.519,+93.594,+117.566,+97.683,+104.385,+122.114,+98.594,+84.942,+94.618,+103.936,+117.498,+121.151,+101.798,+86.250,+112.314,+101.649,+105.639,+89.475,+99.572,+97.589,+100.735,+98.797,+101.966,+103.111,+95.643,+100.220,+103.378,+95.070,+97.649,+98.340,+95.918,+96.441,+101.522,+97.109,+103.863,+98.893,+100.068,+95.937
0,245,+99.084,+114.484,+108.624,+94.843,+99.690,+111.504,+118.351,+101.218,+107.771,+107.467,+81.442,+103.934,+105.190,+88.131,+94.526,+88.097,+98.939,+110.742,+121.213,+98.149,+100.750,+96.892,+101.853,+97.713,+95.575,+103.862,+102.965,+95.576,+102.495,+96.978,+98.711,+101.064,+103.902,+103.014,+101.123,+103.997,+102.362,+101.093,+102.252,+98.635
0,246,+107.522,+85.081,+80.086,+97.003,+96.554,+89.251,+88.828,+125.226,+90.908,+95.362,+81.107,+99.234,+112.037,+126.956,+107.005,+77.261,+124.432,+97.238,+105.218,+107.870,+95.313,+100.187,+104.985,+103.224,+104.074,+104.709,+101.435,+99.730,+103.215,+100.874,+101.347,+96.596,+98.266,+104.480,+104.178,+96.676,+104.038,+100.986,+103.047,+101.550
0,247,+116.110,+86.833,+81.332,+109.480,+91.258,+85.859,+100.805,+84.468,+126.006,+106.069,+80.293,+88.127,+105.407,+96.198,+101.531,+111.627,+108.478,+87.078,+121.144,+88.296,+95.211,+99.968,+100.237,+99.001,+95.548,+96.854,+98.134,+98.617,+95.971,+97.288,+100.928,+98.515,+98.664,+102.071,+98.283,+97.510,+97.787,+98.899,+98.902,+100.788
0,248,+108.118,+98.790,+103.863,+116.416,+74.486,+108.230,+88.585,+116.604,+87.038,+86.038,+96.570,+127.038,+121.263,+103.824,+104.672,+80.762,+113.799,+101.608,+121.184,+99.354,+95.570,+102.934,+104.765,+96.561,+98.306,+98.962,+103.063,+102.165,+99.799,+98.979,+97.378,+96.088,+101.789,+104.765,+102.791,+101.654,+103.582,+99.012,+103.601,+97.968
0,249,+96.078,+101.379,+101.625,+91.728,+95.291,+73.987,+85.277,+108.881,+75.750,+116.802,+108.028,+99.691,+102.672,+104.053,+112.371,+77.282,+117.080,+110.620,+109.520,+109.737,+100.289,+98.243,+98.265,+98.915,+96.282,+95.771,+98.032,+96.058,+97.664,+104.835,+98.732,+103.334,+98.647,+102.290,+102.090,+102.348,+95.945,+103.950,+97.151,+99.879
0,250,+141.253,+106.152,+90.729,+100.717,+109.467,+110.861,+99.640,+112.277,+131.289,+113.469,+103.466,+106.449,+98.326,+100.664,+99.469,+110.093,+122.785,+119.215,+92.788,+85.563,+99.895,+101.826,+97.626,+100.008,+101.283,+96.665,+102.188,+97.586,+100.804,+97.301,+99.669,+101.254,+99.041,+101.404,+99.546,+104.725,+97.858,+95.384,+101.448,+103.144
0,251,+78.758,+123.720,+105.082,+88.399,+107.268,+97.328,+98.213,+102.578,+91.521,+90.933,+123.478,+87.525,+90.468,+108.151,+96.575,+97.187,+89.857,+92.840,+92.748,+117.034,+97.615,+101.101,+96.386,+102.450,+96.733,+95.287,+104.475,+95.480,+101.731,+100.023,+99.011,+104.356,+102.766,+104.960,+103.080,+101.011,+96.767,+95.756,+96.836,+103.198
0,252,+93.326,+99.001,+96.958,+82.788,+125.365,+108.730,+88.261,+102.134,+104.522,+105.655,+69.026,+80.656,+115.995,+91.702,+87.539,+114.589,+84.461,+93.103,+111.393,+112.276,+96.110,+95.025,+101.850,+98.631,+98.787,+100.144,+100.116,+100.788,+97.170,+99.536,+101.575,+98.684,+103.521,+96.300,+98.971,+104.992,+97.092,+98.594,+95.009,+102.109
0,253,+97.908,+82.700,+85.510,+111.077,+97.735,+113.378,+97.933,+90.235,+99.344,+110.166,+116.355,+100.336,+116.923,+96.816,+98.552,+91.656,+99.530,+116.013,+116.981,+112.541,+102.009,+101.109,+95.307,+104.817,+102.707,+102.486,+103.956,+98.167,+100.347,+99.217,+101.105,+104.070,+97.724,+95.809,+95.080,+98.258,+102.763,+95.873,+98.894,+95.918
0,254,+115.716,+106.479,+92.487,+95.670,+106.244,+102.311,+116.214,+101.263,+112.461,+81.042,+128.767,+95.918,+117.293,+100.080,+78.084,+104.469,+98.879,+95.498,+85.372,+98.300,+100.335,+96.285,+100.625,+100.176,+104.241,+99.648,+96.351,+97.746,+104.925,+102.566,+97.479,+98.469,+101.835,+102.856,+99.137,+95.590,+100.321,+99.282,+96.700,+102.873
0,255,+99.691,+87.946,+89.821,+124.427,+100.946,+91.727,+103.606,+101.582,+116.238,+106.120,+96.598,+98.125,+71.247,+118.732,+97.722,+101.913,+120.448,+97.876,+110.582,+85.762,+104.299,+95.153,+96.475,+101.522,+103.365,+103.469,+95.531,+100.226,+104.696,+101.227,+97.388,+97.127,+104.891,+97.851,+101.635,+104.793,+95.587,+96.168,+99.805,+103.604
0,256,+107.689,+98.204,+67.919,+124.566,+100.569,+117.070,+81.212,+95.580,+96.231,+101.450,+109.002,+97.091,+102.698,+97.272,+113.179,+81.994,+115.933,+111.817,+109.329,+94.780,+100.488,+97.452,+104.811,+97.880,+102.889,+96.189,+101.197,+103.200,+98.817,+98.969,+96.776,+96.563,+104.953,+104.486,+102.698,+100.497,+100.920,+96.579,+95.190,+101.342
0,257,+106.846,+99.692,+90.657,+112.429,+103.428,+87.180,+111.982,+97.544,+121.965,+85.958,+115.772,+104.045,+107.641,+94.641,+95.168,+120.652,+98.067,+133.506,+120.868,+101.229,+98.203,+95.559,+100.052,+100.497,+103.316,+104.915,+95.268,+101.400,+103.942,+102.362,+102.271,+104.048,+101.456,+96.295,+103.053,+99.551,+97.382,+96.346,+101.532,+101.506
0,258,+105.943,+100.115,+106.888,+121.105,+114.969,+101.721,+116.237,+94.345,+103.858,+132.277,+104.696,+110.867,+85.491,+118.626,+76.527,+103.738,+120.826,+99.521,+114.093,+107.780,+102.207,+97.250,+102.846,+104.636,+101.286,+99.736,+97.244,+97.391,+95.927,+97.545,+99.528,+95.840,+98.122,+103.502,+99.538,+98.249,+102.757,+103.236,+104.194,+99.031
0,259,+98.740,+84.480,+99.215,+91.268,+101.587,+107.654,+97.594,+133.200,+111.189,+119.076,+112.341,+81.718,+123.045,+97.313,+98.421,+77.418,+100.342,+113.076,+103.398,+103.867,+96.957,+101.893,+100.715,+102.216,+96.626,+104.678,+100.347,+98.752,+101.256,+104.902,+101.283,+99.640,+104.457,+103.592,+103.168,+97.358,+98.118,+95.147,+100.127,+102.472
0,260,+95.548,+91.160,+93.681,+105.332,+89.642,+98.637,+109.207,+93.759,+112.389,+101.629,+109.611,+105.137,+90.437,+108.539,+109.437,+89.909,+93.897,+91.095,+76.559,+92.157,+102.225,+96.976,+102.833,+100.832,+100.927,+104.871,+99.052,+102.946,+97.363,+98.817,+97.894,+96.148,+103.853,+103.175,+98.132,+98.811,+104.249,+96.385,+102.357,+101.918
0,261,+118.644,+123.543,+114.689,+87.719,+85.937,+83.790,+83.417,+108.268,+98.241,+112.756,+127.615,+116.991,+116.358,+102.344,+102.860,+100.095,+87.916,+81.433,+94.354,+106.665,+95.451,+95.101,+97.606,+103.973,+95.206,+95.470,+103.483,+102.384,+103.614,+104.812,+100.144,+95.995,+100.984,+97.133,+99.500,+100.224,+96.424,+100.575,+95.974,+102.218
0,262,+120.287,+104.369,+96.520,+96.897,+100.080,+100.472,+97.541,+115.002,+97.951,+105.034,+82.708,+97.153,+130.377,+100.288,+86.761,+125.436,+134.193,+118.309,+100.198,+118.265,+101.868,+102.354,+103.965,+103.085,+98.261,+95.587,+98.635,+104.341,+104.998,+97.418,+102.248,+97.127,+102.448,+102.732,+98.793,+98.350,+103.358,+96.484,+102.150,+95.138
0,263,+107.584,+111.155,+107.289,+129.529,+86.157,+91.171,+90.907,+73.019,+108.108,+90.284,+112.071,+94.201,+97.252,+111.212,+105.409,+105.981,+98.595,+82.297,+97.090,+104.609,+95.226,+104.081,+97.377,+99.445,+96.603,+98.307,+97.724,+97.919,+95.327,+95.420,+102.580,+98.852,+100.938,+95.862,+103.738,+104.226,+101.333,+99.014,+101.628,+97.748
0,264,+104.185,+128.048,+107.622,+108.793,+76.093,+91.710,+133.916,+116.257,+112.558,+88.426,+139.545,+115.540,+120.367,+91.882,+91.051,+121.657,+90.720,+125.458,+100.564,+108.212,+95.342,+103.731,+97.633,+96.093,+100.031,+96.023,+96.107,+96.979,+95.047,+104.552,+95.318,+101.199,+102.397,+99.768,+95.149,+96.395,+98.380,+98.682,+101.287,+104.354
0,265,+84.715,+103.680,+108.878,+91.924,+110.729,+91.822,+108.351,+103.002,+76.944,+121.380,+106.533,+104.576,+109.394,+120.790,+109.124,+111.941,+90.596,+104.434,+84.553,+110.240,+95.452,+104.135,+101.782,+104.790,+95.977,+98.733,+98.542,+103.214,+98.440,+102.590,+99.163,+101.852,+99.844,+99.144,+99.305,+100.472,+99.739,+95.564,+99.363,+103.775
0,266,+104.666,+115.100,+108.120,+115.066,+114.253,+97.799,+111.886,+99.128,+84.001,+106.582,+96.253,+111.598,+105.853,+116.830,+106.221,+118.788,+107.399,+78.548,+101.642,+90.220,+100.340,+102.888,+96.319,+100.425,+98.594,+100.688,+102.480,+101.210,+100.533,+97.647,+96.184,+104.010,+97.394,+98.712,+104.865,+99.050,+104.520,+102.999,+97.646,+97.763
0,267,+87.048,+94.267,+108.002,+106.039,+102.369,+99.756,+110.982,+95.571,+109.561,+103.260,+109.467,+112.363,+110.301,+106.676,+123.912,+110.178,+121.513,+93.055,+128.293,+117.367,+103.397,+98.624,+101.264,+98.613,+101.515,+95.183,+100.939,+100.779,+97.805,+103.652,+100.467,+98.570,+96.639,+99.173,+95.630,+102.403,+101.307,+100.930,+100.244,+96.179
0,268,+93.030,+109.677,+106.482,+111.604,+114.158,+92.430,+85.425,+122.953,+97.638,+99.609,+96.035,+81.209,+119.951,+107.942,+83.451,+98.463,+87.089,+121.719,+108.170,+117.576,+101.368,+98.637,+103.240,+103.491,+104.911,+98.038,+102.677,+95.462,+100.674,+101.884,+103.070,+100.062,+99.731,+96.109,+97.778,+99.159,+102.113,+101.128,+101.346,+102.095
0,269,+89.840,+104.775,+115.697,+96.397,+97.632,+107.226,+87.905,+89.010,+107.117,+95.249,+112.815,+86.665,+91.383,+74.857,+76.502,+91.001,+104.639,+98.581,+90.589,+101.063,+102.848,+101.510,+104.100,+104.115,+99.972,+99.720,+102.560,+97.287,+95.479,+100.493,+102.776,+101.546,+96.431,+99.917,+99.707,+103.467,+97.097,+104.634,+102.055,+104.066
0,270,+96.019,+105.399,+127.878,+90.315,+107.317,+100.106,+98.864,+105.606,+97.330,+119.455,+79.928,+92.918,+104.405,+109.662,+81.030,+120.640,+97.111,+98.192,+100.708,+104.760,+100.118,+103.010,+95.659,+101.238,+95.138,+102.055,+98.391,+101.591,+102.863,+98.211,+96.460,+101.568,+98.262,+95.065,+96.503,+99.131,+97.408,+102.502,+98.492,+103.287
0,271,+118.923,+102.727,+100.141,+79.889,+98.099,+104.958,+108.478,+104.014,+97.820,+98.235,+90.939,+111.292,+129.473,+101.771,+93.958,+104.458,+87.488,+113.804,+93.079,+115.723,+100.737,+103.146,+104.456,+100.846,+96.866,+101.766,+104.297,+96.527,+96.018,+96.528,+104.871,+95.480,+95.695,+99.635,+103.577,+98.037,+97.917,+96.545,+99.994,+99.738
0,272,+132.603,+80.758,+97.039,+83.898,+121.214,+73.981,+110.155,+95.152,+103.292,+99.008,+107.938,+116.675,+97.145,+104.897,+98.796,+105.899,+109.710,+108.270,+78.576,+118.791,+97.299,+97.897,+101.181,+96.741,+104.674,+95.627,+96.997,+97.732,+97.880,+104.655,+96.984,+103.020,+103.223,+97.675,+100.052,+103.039,+98.304,+101.173,+101.677,+95.673
0,273,+96.059,+121.769,+130.835,+105.295,+118.245,+111.123,+106.935,+97.452,+101.517,+119.617,+104.933,+109.673,+95.963,+103.742,+96.038,+106.628,+110.585,+98.715,+97.032,+100.966,+103.904,+100.331,+96.381,+98.773,+102.003,+95.810,+96.286,+103.246,+96.167,+101.439,+96.831,+103.647,+104.486,+97.707,+96.898,+97.442,+98.287,+101.717,+99.131,+98.888
0,274,+88.345,+78.608,+103.880,+108.266,+92.035,+97.511,+101.483,+111.250,+95.848,+104.702,+91.963,+105.286,+78.463,+115.701,+107.664,+106.733,+125.188,+106.075,+110.946,+93.319,+97.962,+99.169,+100.641,+95.172,+101.237,+96.955,+101.286,+96.856,+104.031,+102.697,+99.257,+103.208,+96.524,+95.569,+96.590,+98.325,+104.757,+99.864,+100.754,+95.951
0,275,+120.103,+114.750,+92.183,+95.535,+96.519,+104.507,+112.542,+123.307,+96.371,+125.118,+104.697,+88.679,+85.848,+106.604,+72.074,+116.833,+117.221,+85.189,+108.872,+129.673,+95.454,+98.603,+98.684,+99.393,+102.532,+96.905,+95.631,+97.683,+95.843,+101.990,+101.084,+104.870,+97.665,+101.057,+103.867,+97.477,+102.538,+95.428,+104.385,+99.161
0,276,+116.453,+131.987,+94.041,+104.489,+98.015,+102.269,+108.632,+87.934,+95.456,+106.838,+114.853,+83.832,+105.725,+103.958,+114.156,+112.193,+112.397,+90.325,+121.079,+94.090,+100.192,+101.687,+102.924,+96.867,+101.159,+98.057,+98.137,+95.870,+96.434,+95.084,+96.188,+95.319,+96.814,+102.107,+95.935,+98.885,+100.064,+95.510,+95.317,+103.402
0,277,+108.357,+105.259,+114.089,+112.447,+84.643,+78.729,+118.686,+84.064,+104.602,+99.069,+114.269,+100.196,+98.470,+97.100,+101.108,+104.338,+95.000,+105.153,+105.083,+97.242,+101.595,+99.331,+96.788,+97.314,+95.688,+99.289,+99.582,+95.560,+101.472,+101.718,+98.030,+101.730,+95.619,+102.473,+95.035,+98.623,+99.965,+100.237,+101.297,+95.372
0,278,+96.242,+96.923,+105.677,+104.262,+89.599,+112.711,+94.801,+115.980,+110.689,+97.282,+118.592,+102.486,+131.234,+87.791,+86.783,+117.492,+115.156,+99.966,+103.771,+92.462,+98.921,+97.190,+104.428,+102.104,+96.800,+104.225,+102.016,+97.459,+97.986,+100.348,+98.583,+98.750,+96.323,+104.322,+97.812,+104.302,+101.530,+103.688,+102.818,+104.129
0,279,+95.791,+105.441,+89.178,+101.854,+122.279,+118.876,+108.666,+87.789,+111.084,+111.859,+105.678,+102.065,+97.428,+92.648,+113.923,+107.175,+104.075,+110.278,+92.511,+113.315,+99.814,+101.557,+99.057,+103.297,+98.850,+97.237,+104.812,+100.610,+98.700,+104.451,+104.404,+99.925,+99.737,+96.293,+102.037,+96.630,+96.247,+99.532,+99.636,+97.841
0,280,+114.638,+97.723,+79.827,+120.558,+107.825,+116.609,+106.805,+102.364,+81.817,+99.432,+92.972,+108.703,+106.638,+91.549,+98.695,+113.414,+92.594,+104.209,+96.268,+90.784,+101.540,+102.343,+99.549,+100.381,+95.733,+97.840,+101.036,+96.363,+97.146,+102.571,+98.435,+103.053,+104.324,+104.731,+95.628,+100.843,+104.327,+104.886,+99.286,+104.672
0,281,+92.812,+120.756,+104.842,+105.026,+76.936,+108.244,+86.504,+112.792,+97.853,+116.627,+88.926,+87.830,+104.420,+124.981,+89.361,+99.410,+98.083,+100.987,+99.803,+102.398,+98.369,+103.171,+98.720,+102.841,+97.134,+101.420,+98.293,+95.398,+100.017,+100.570,+102.454,+95.820,+100.668,+100.951,+95.146,+98.558,+101.407,+97.265,+99.456,+98.787
0,282,+109.707,+100.833,+111.072,+98.645,+71.611,+131.360,+107.445,+109.688,+100.951,+112.267,+87.377,+120.271,+103.503,+112.804,+99.623,+109.513,+93.273,+92.988,+94.965,+81.307,+95.540,+98.110,+97.448,+95.337,+97.533,+104.676,+101.864,+103.030,+100.938,+101.739,+98.391,+96.636,+100.629,+98.366,+101.497,+100.409,+104.975,+99.763,+98.442,+96.848
0,283,+101.991,+111.961,+103.190,+99.229,+105.091,+94.957,+77.955,+105.225,+93.976,+95.096,+108.135,+95.367,+105.983,+130.317,+92.706,+102.219,+97.720,+96.595,+111.527,+119.285,+99.486,+104.232,+96.052,+98.956,+103.400,+102.745,+99.011,+99.853,+99.375,+95.831,+104.969,+104.370,+97.928,+104.742,+95.457,+100.384,+101.753,+95.090,+103.171,+97.794
0,284,+98.408,+90.784,+121.966,+93.329,+116.277,+88.054,+104.893,+108.406,+83.679,+109.061,+104.354,+101.495,+118.906,+94.968,+98.882,+84.753,+72.331,+93.849,+92.182,+125.203,+95.746,+103.363,+101.049,+97.026,+99.849,+103.667,+104.129,+104.830,+98.114,+102.728,+104.941,+100.313,+97.697,+98.492,+100.851,+95.038,+98.342,+100.482,+102.686,+104.290
0,285,+100.959,+104.544,+97.812,+85.727,+94.156,+94.979,+92.709,+100.338,+107.887,+82.346,+67.602,+81.292,+90.652,+99.901,+110.337,+105.527,+95.461,+105.188,+90.156,+102.694,+104.591,+100.731,+99.772,+99.999,+99.911,+98.942,+98.035,+100.777,+95.038,+101.215,+98.380,+95.075,+98.027,+95.065,+103.169,+101.195,+103.274,+101.994,+104.582,+103.024
0,286,+121.663,+108.030,+107.743,+84.091,+93.712,+101.012,+114.918,+107.686,+111.659,+101.647,+100.553,+101.376,+79.810,+87.917,+95.189,+94.723,+79.224,+109.973,+80.512,+92.986,+96.777,+103.091,+103.997,+98.246,+97.098,+97.246,+99.786,+104.135,+100.387,+99.002,+99.943,+102.463,+97.797,+103.708,+104.260,+100.813,+96.494,+103.882,+98.812,+103.174
0,287,+114.623,+103.797,+93.431,+91.234,+91.905,+113.778,+86.426,+93.315,+100.161,+87.809,+118.616,+95.231,+91.677,+88.493,+103.516,+91.193,+101.792,+94.686,+109.516,+97.893,+97.209,+98.666,+104.989,+100.718,+100.257,+95.669,+104.742,+102.204,+104.530,+103.817,+102.284,+96.816,+103.037,+102.529,+100.271,+99.054,+102.265,+99.164,+96.012,+99.003
0,288,+94.166,+108.746,+97.149,+126.381,+104.776,+86.842,+113.202,+131.276,+80.599,+98.619,+99.696,+115.829,+83.646,+108.224,+102.224,+71.008,+105.395,+107.171,+88.562,+90.152,+103.395,+97.749,+102.937,+98.213,+99.972,+100.567,+97.696,+95.729,+104.448,+97.742,+101.032,+97.449,+101.292,+97.395,+102.138,+98.897,+95.969,+99.291,+101.170,+100.659
0,289,+116.049,+114.089,+98.432,+99.923,+120.595,+95.744,+98.316,+92.838,+122.722,+97.821,+132.713,+103.494,+105.290,+97.567,+109.446,+115.323,+110.486,+97.340,+130.080,+108.715,+95.574,+95.354,+98.725,+96.896,+104.894,+103.890,+98.353,+102.394,+97.271,+98.023,+102.044,+104.608,+97.063,+103.643,+104.991,+97.854,+99.819,+97.421,+100.116,+95.225
0,290,+100.774,+104.857,+108.707,+118.788,+106.354,+109.561,+113.708,+94.926,+95.678,+88.366,+92.431,+110.844,+97.395,+101.729,+114.254,+104.531,+84.158,+108.988,+94.851,+99.890,+99.136,+100.244,+100.839,+104.006,+103.750,+98.362,+101.994,+100.018,+101.283,+100.913,+97.284,+104.758,+96.937,+101.633,+103.300,+99.002,+96.767,+100.323,+95.780,+101.510
0,291,+78.653,+109.008,+104.431,+102.053,+98.098,+93.237,+98.741,+110.389,+105.713,+108.639,+110.077,+110.190,+126.856,+99.405,+123.540,+105.646,+107.462,+81.764,+105.766,+132.858,+101.475,+98.945,+95.843,+96.832,+101.454,+95.703,+99.298,+101.532,+103.061,+103.119,+98.886,+101.162,+101.824,+104.188,+102.394,+99.366,+98.442,+95.233,+97.617,+99.137
0,292,+100.058,+106.716,+109.758,+90.222,+119.895,+103.339,+113.025,+104.356,+120.194,+88.847,+104.494,+123.575,+99.493,+132.629,+118.588,+88.169,+104.038,+102.400,+102.808,+110.142,+95.593,+96.030,+98.897,+99.257,+101.841,+98.304,+97.149,+98.109,+100.913,+101.457,+98.238,+100.324,+100.278,+96.210,+102.994,+95.487,+102.992,+97.730,+96.168,+104.291
0,293,+100.079,+89.028,+118.678,+89.517,+84.904,+72.138,+103.020,+101.541,+122.401,+86.610,+116.450,+113.778,+112.721,+99.540,+121.501,+99.005,+105.310,+115.910,+98.802,+87.202,+99.960,+102.206,+99.287,+101.104,+95.382,+103.432,+98.024,+96.884,+97.574,+104.601,+98.790,+96.049,+96.342,+98.222,+97.506,+101.860,+99.764,+102.408,+102.511,+102.563
0,294,+91.186,+89.814,+99.579,+93.176,+115.920,+113.732,+98.385,+101.859,+109.320,+117.158,+78.338,+109.589,+94.057,+74.365,+100.268,+92.852,+93.440,+105.708,+100.349,+99.309,+103.745,+99.519,+99.512,+97.167,+102.609,+102.952,+101.059,+104.617,+99.267,+103.362,+103.042,+99.604,+96.636,+97.648,+95.588,+95.398,+100.741,+98.819,+104.130,+101.120
0,295,+110.879,+91.605,+114.888,+96.360,+104.775,+84.433,+111.820,+76.723,+97.668,+102.281,+95.782,+86.853,+93.877,+84.626,+109.657,+105.203,+111.577,+81.164,+88.024,+93.025,+98.540,+96.080,+104.733,+95.948,+104.768,+98.327,+103.175,+99.354,+98.614,+101.762,+100.870,+104.687,+100.801,+96.853,+96.693,+100.410,+103.097,+101.827,+101.604,+102.580
0,296,+74.707,+104.773,+81.141,+129.108,+107.950,+95.359,+102.421,+106.064,+96.965,+94.717,+111.735,+134.299,+92.812,+80.675,+119.810,+92.049,+99.528,+97.571,+109.829,+90.505,+96.732,+98.570,+100.446,+99.739,+100.314,+100.108,+95.496,+103.821,+97.021,+102.135,+95.601,+104.133,+100.185,+97.100,+103.708,+104.580,+96.750,+102.972,+103.586,+98.181
0,297,+100.366,+104.656,+109.321,+108.124,+86.990,+96.337,+121.830,+94.001,+116.471,+101.389,+100.568,+139.388,+104.364,+99.783,+108.050,+115.932,+125.810,+123.647,+123.224,+126.247,+101.232,+103.976,+97.227,+99.219,+102.341,+98.086,+102.175,+101.895,+95.128,+102.565,+99.041,+98.060,+98.427,+104.917,+102.866,+95.387,+102.252,+103.694,+103.073,+100.630
0,298,+91.262,+110.538,+107.832,+110.915,+76.277,+104.880,+119.464,+106.285,+110.641,+105.926,+97.399,+105.531,+103.318,+93.684,+97.637,+112.090,+91.737,+89.966,+116.944,+122.131,+103.510,+96.778,+102.762,+97.106,+97.627,+103.072,+102.022,+103.823,+102.203,+102.731,+99.217,+101.143,+95.293,+102.113,+99.089,+96.403,+103.256,+97.691,+100.740,+104.385
0,299,+112.976,+108.384,+102.090,+110.515,+117.368,+100.675,+89.843,+104.341,+133.599,+101.180,+100.489,+115.400,+107.370,+96.939,+108.890,+94.513,+124.095,+126.176,+100.206,+101.222,+103.516,+99.454,+101.611,+104.680,+104.933,+96.960,+97.088,+101.818,+97.851,+103.147,+98.665,+99.054,+104.759,+95.366,+95.778,+104.306,+101.307,+98.324,+97.839,+98.716
0,300,+122.839,+119.580,+110.712,+106.060,+112.527,+114.406,+107.581,+109.216,+109.441,+91.208,+83.711,+97.869,+128.758,+96.053,+100.420,+78.781,+85.801,+100.494,+80.764,+82.261,+97.385,+104.495,+104.402,+102.044,+104.133,+97.765,+95.240,+100.257,+103.865,+103.268,+104.795,+101.309,+95.061,+101.099,+100.103,+103.949,+95.140,+101.317,+102.026,+100.239
0,301,+100.697,+99.915,+107.192,+116.713,+97.894,+99.691,+101.634,+101.449,+95.635,+105.770,+81.890,+112.165,+89.307,+105.113,+88.374,+101.700,+119.304,+115.661,+102.664,+135.302,+100.974,+98.463,+103.113,+97.897,+103.499,+97.155,+101.312,+104.154,+104.828,+95.969,+102.393,+100.421,+101.995,+102.101,+103.294,+101.892,+100.524,+100.938,+96.622,+104.301
0,302,+103.267,+82.986,+104.392,+103.545,+115.111,+94.410,+107.392,+92.175,+123.386,+105.080,+84.660,+95.659,+92.713,+76.476,+117.939,+109.802,+96.115,+89.847,+96.328,+100.184,+98.602,+97.662,+100.858,+99.446,+103.284,+95.533,+103.616,+99.133,+98.932,+96.418,+98.908,+103.875,+95.159,+99.829,+100.412,+102.965,+98.375,+99.158,+101.814,+96.785
0,303,+100.663,+109.382,+85.177,+98.599,+80.209,+113.574,+108.182,+111.841,+114.438,+95.765,+94.230,+106.391,+108.449,+96.617,+90.835,+103.740,+107.263,+102.003,+91.266,+82.163,+102.189,+101.837,+102.894,+97.309,+100.879,+102.236,+101.029,+103.596,+102.041,+104.814,+97.169,+104.228,+102.668,+104.626,+100.018,+103.355,+96.755,+100.406,+98.409,+95.895
0,304,+101.236,+91.831,+99.142,+93.721,+82.785,+106.197,+107.410,+108.806,+101.611,+99.664,+76.355,+104.460,+126.645,+71.621,+113.543,+108.445,+106.601,+85.892,+99.465,+106.440,+96.642,+102.870,+99.316,+97.643,+102.834,+103.691,+104.948,+102.203,+102.156,+97.392,+103.968,+98.581,+99.830,+104.459,+98.250,+101.417,+102.729,+96.891,+98.539,+102.542
0,305,+115.410,+118.490,+84.127,+120.906,+94.397,+92.029,+80.615,+139.982,+104.780,+99.355,+114.992,+80.238,+104.444,+129.937,+86.695,+119.768,+116.759,+100.751,+107.772,+118.598,+101.722,+104.319,+99.675,+103.029,+95.317,+100.999,+99.554,+95.805,+100.851,+96.014,+99.105,+101.676,+101.716,+98.271,+100.811,+104.507,+95.189,+102.431,+100.374,+102.548
0,306,+95.596,+94.490,+110.451,+102.119,+86.155,+91.862,+88.027,+111.139,+129.381,+108.607,+106.438,+96.462,+89.021,+106.325,+111.971,+102.414,+102.693,+102.285,+103.369,+97.056,+100.283,+102.914,+98.320,+97.495,+97.333,+100.019,+98.810,+99.640,+101.665,+96.310,+100.824,+101.373,+101.929,+104.930,+103.831,+104.954,+98.140,+96.124,+101.235,+104.298
0,307,+102.524,+108.490,+99.457,+99.603,+92.092,+109.828,+122.177,+93.383,+119.256,+94.381,+87.076,+118.809,+92.143,+82.689,+84.559,+94.045,+95.599,+96.093,+91.932,+122.961,+97.482,+104.272,+101.140,+102.738,+103.600,+95.201,+102.324,+101.157,+98.208,+101.104,+100.460,+102.853,+95.902,+101.931,+98.441,+96.934,+95.228,+102.713,+103.491,+101.205
0,308,+110.816,+125.788,+85.050,+104.103,+107.823,+91.343,+111.530,+97.442,+116.434,+108.454,+108.590,+114.292,+106.903,+98.882,+77.881,+111.866,+110.873,+108.946,+111.869,+81.199,+103.620,+103.634,+96.494,+102.347,+102.608,+96.725,+99.196,+100.401,+100.945,+104.905,+98.118,+95.460,+97.581,+98.725,+101.343,+103.871,+102.041,+103.302,+99.541,+103.351
0,309,+117.207,+101.885,+89.931,+108.354,+90.768,+81.167,+89.974,+87.330,+110.178,+97.761,+103.015,+110.749,+97.913,+89.385,+88.706,+85.161,+125.518,+76.671,+96.849,+88.607,+104.881,+104.883,+95.672,+104.904,+97.721,+100.005,+96.460,+95.959,+103.276,+102.216,+102.286,+104.668,+104.119,+96.944,+99.105,+100.336,+102.705,+104.007,+99.385,+101.336
0,310,+105.682,+82.760,+118.448,+120.386,+106.739,+126.494,+84.041,+86.092,+105.204,+105.401,+102.714,+128.150,+85.138,+83.066,+115.038,+104.633,+93.896,+104.692,+122.316,+92.652,+103.626,+95.318,+104.812,+98.847,+103.950,+102.059,+97.550,+98.153,+95.520,+99.455,+100.854,+96.949,+103.470,+96.150,+98.701,+104.759,+104.073,+101.351,+97.618,+98.046
0,311,+114.700,+103.696,+106.609,+100.528,+98.191,+102.647,+113.071,+119.763,+92.995,+88.405,+103.053,+99.435,+107.773,+92.845,+98.083,+112.566,+95.698,+118.182,+101.409,+106.987,+98.033,+100.813,+95.530,+102.042,+103.994,+103.451,+99.651,+104.275,+102.679,+103.997,+99.224,+102.104,+99.750,+98.051,+95.552,+96.561,+103.155,+96.163,+100.894,+98.958
0,312,+102.441,+87.372,+95.488,+128.635,+127.597,+100.040,+90.445,+91.705,+96.723,+89.993,+69.413,+114.857,+99.812,+107.067,+89.173,+89.874,+123.021,+107.662,+101.942,+95.120,+103.800,+102.458,+102.825,+102.075,+102.175,+104.117,+96.063,+96.911,+95.963,+97.542,+103.567,+96.529,+102.022,+97.327,+99.520,+101.798,+103.711,+103.939,+98.645,+101.471
0,313,+114.653,+94.851,+112.379,+98.750,+109.038,+131.419,+83.114,+91.949,+119.705,+94.616,+93.584,+96.283,+97.482,+90.775,+90.407,+113.597,+104.235,+111.829,+91.161,+109.055,+100.454,+95.907,+103.259,+104.467,+101.200,+95.073,+101.422,+103.507,+96.715,+96.121,+95.398,+96.427,+102.268,+98.580,+95.432,+98.932,+103.475,+101.956,+104.236,+98.854
0,314,+117.886,+101.434,+108.993,+104.234,+109.323,+102.385,+103.671,+115.548,+95.541,+91.362,+107.558,+120.484,+89.982,+118.380,+91.710,+87.669,+115.781,+110.299,+100.564,+104.485,+95.984,+102.500,+104.247,+103.959,+100.913,+96.579,+96.113,+99.117,+102.288,+101.606,+101.576,+95.724,+95.344,+103.764,+104.840,+101.168,+96.159,+96.655,+97.867,+102.042
0,315,+121.866,+94.777,+115.408,+118.551,+89.438,+97.492,+126.098,+84.965,+96.567,+93.803,+87.607,+115.725,+113.331,+66.601,+76.616,+114.651,+81.314,+125.224,+91.098,+100.436,+97.768,+97.096,+104.071,+99.878,+98.513,+102.148,+101.077,+95.989,+95.168,+95.962,+98.893,+95.559,+98.634,+102.619,+100.351,+101.961,+103.716,+95.191,+97.255,+101.230
0,316,+108.240,+101.391,+92.801,+98.505,+97.537,+102.385,+99.614,+94.057,+98.114,+92.275,+108.261,+108.686,+110.807,+69.492,+90.924,+131.578,+107.471,+95.232,+110.119,+87.760,+101.245,+100.085,+95.626,+95.288,+100.909,+96.062,+95.766,+96.644,+98.610,+104.739,+100.050,+99.677,+95.480,+104.834,+102.659,+98.623,+96.965,+95.601,+100.975,+103.334
0,317,+124.468,+117.932,+88.868,+91.153,+105.649,+109.246,+108.879,+86.151,+96.663,+93.121,+107.061,+112.545,+105.162,+97.847,+106.869,+120.963,+104.116,+86.446,+98.884,+102.165,+97.528,+104.903,+100.320,+95.329,+96.961,+103.050,+101.761,+100.580,+103.204,+102.505,+101.471,+101.750,+101.825,+103.572,+95.474,+104.978,+99.085,+99.839,+103.083,+100.046
0,318,+100.184,+105.482,+106.694,+85.520,+103.028,+99.053,+97.751,+106.939,+132.934,+107.442,+104.579,+90.121,+106.661,+84.894,+127.334,+90.789,+97.407,+82.592,+92.708,+98.581,+100.413,+100.091,+101.659,+98.291,+104.829,+95.653,+99.016,+97.875,+104.952,+102.633,+102.132,+99.039,+101.316,+99.347,+102.549,+101.735,+100.211,+96.250,+103.124,+95.253
0,319,+98.899,+102.080,+110.430,+119.400,+119.221,+85.674,+118.734,+82.026,+122.570,+91.249,+94.711,+113.366,+97.842,+116.987,+100.843,+73.966,+97.372,+84.005,+107.645,+89.755,+103.590,+96.852,+101.657,+98.915,+96.736,+103.309,+100.793,+97.482,+103.654,+102.569,+104.179,+104.425,+104.489,+103.509,+103.994,+104.511,+95.694,+102.136,+100.749,+100.556
0,320,+123.749,+115.577,+109.912,+107.963,+112.447,+96.234,+119.690,+74.941,+95.893,+99.900,+108.346,+92.872,+81.349,+115.730,+107.443,+97.294,+100.064,+93.459,+133.612,+99.479,+97.836,+104.550,+99.568,+101.081,+96.685,+95.409,+98.134,+101.330,+98.933,+99.811,+101.817,+101.951,+98.824,+99.283,+96.891,+95.365,+98.495,+101.049,+104.209,+96.285
0,321,+67.425,+86.503,+98.807,+86.841,+120.052,+109.794,+99.492,+105.715,+108.022,+99.683,+97.048,+98.053,+85.292,+104.316,+115.159,+106.805,+96.599,+114.148,+124.265,+105.170,+96.639,+101.516,+97.942,+100.535,+102.683,+96.093,+98.787,+99.739,+97.190,+103.180,+102.322,+100.847,+99.875,+104.272,+98.914,+101.402,+99.856,+104.268,+96.049,+104.241
0,322,+102.009,+109.207,+108.871,+90.385,+110.745,+92.406,+87.981,+99.682,+92.132,+109.985,+107.861,+119.508,+94.472,+90.116,+106.852,+96.045,+99.824,+72.110,+96.670,+103.085,+102.652,+97.971,+98.204,+95.081,+102.406,+96.768,+101.646,+98.656,+97.454,+103.366,+103.650,+101.460,+97.137,+95.151,+104.141,+96.415,+100.401,+95.252,+101.142,+104.423
0,323,+103.940,+87.693,+106.041,+136.735,+116.049,+108.699,+118.462,+119.403,+94.158,+92.058,+95.838,+88.827,+113.949,+101.038,+111.918,+92.840,+84.665,+111.466,+108.028,+115.580,+101.615,+96.633,+97.900,+104.926,+96.718,+97.232,+104.989,+99.803,+98.691,+102.412,+101.163,+100.077,+99.696,+97.800,+99.069,+103.419,+103.656,+102.152,+96.619,+102.937
0,324,+96.667,+109.605,+117.299,+97.752,+98.356,+70.121,+97.120,+121.622,+121.092,+105.561,+117.337,+103.196,+99.534,+97.765,+105.315,+96.011,+101.836,+88.228,+111.283,+75.594,+104.082,+103.519,+102.489,+99.989,+103.689,+95.181,+95.062,+104.604,+101.456,+100.518,+95.850,+96.035,+102.862,+101.642,+104.608,+99.430,+101.494,+95.494,+99.290,+99.562
0,325,+98.983,+103.062,+108.235,+91.824,+99.790,+103.985,+118.893,+81.026,+111.867,+109.293,+106.525,+101.952,+96.767,+90.368,+115.357,+78.635,+110.463,+92.111,+90.502,+116.990,+100.436,+100.202,+96.247,+96.764,+97.667,+97.525,+98.980,+103.456,+96.118,+104.804,+104.470,+103.024,+95.801,+104.719,+102.255,+98.286,+97.520,+96.134,+103.592,+101.740
0,326,+109.191,+117.981,+124.850,+121.627,+88.822,+116.777,+103.122,+106.998,+115.214,+127.729,+105.639,+91.488,+94.188,+105.814,+105.372,+101.372,+105.661,+89.318,+101.044,+125.871,+95.693,+96.513,+97.825,+97.525,+98.124,+96.438,+102.536,+102.264,+95.657,+104.348,+98.495,+100.562,+96.783,+98.678,+96.647,+97.158,+96.555,+97.754,+98.489,+99.384
0,327,+103.622,+101.405,+87.413,+108.111,+85.512,+96.817,+97.198,+84.497,+111.188,+100.366,+109.518,+128.048,+117.619,+97.265,+93.175,+111.638,+125.791,+101.524,+96.921,+86.167,+101.642,+101.444,+100.463,+95.960,+95.810,+104.353,+104.123,+95.181,+97.911,+104.387,+102.700,+97.123,+95.154,+100.476,+104.586,+102.666,+95.857,+102.646,+98.149,+96.305
0,328,+94.446,+93.512,+110.265,+81.666,+110.458,+124.091,+117.201,+74.627,+87.811,+117.060,+83.682,+111.303,+104.351,+119.895,+91.708,+103.963,+85.413,+108.410,+94.713,+108.770,+96.255,+95.996,+96.017,+98.185,+104.256,+97.779,+101.226,+97.054,+100.273,+96.794,+103.400,+97.405,+97.243,+98.733,+104.185,+104.806,+104.113,+95.186,+96.411,+96.857
0,329,+102.867,+114.066,+107.667,+77.489,+81.353,+92.064,+96.994,+117.173,+115.614,+97.826,+97.415,+88.808,+107.655,+93.548,+93.631,+101.637,+99.715,+115.757,+87.968,+101.978,+97.731,+103.366,+100.017,+103.719,+104.635,+99.634,+101.001,+96.793,+101.297,+101.300,+101.481,+96.848,+104.472,+101.942,+99.962,+96.001,+101.979,+102.083,+96.908,+97.447
0,330,+98.473,+105.787,+99.678,+110.395,+101.034,+120.648,+93.295,+93.507,+100.857,+109.761,+88.204,+75.464,+124.623,+113.464,+98.364,+112.275,+75.891,+116.143,+94.606,+78.345,+104.556,+99.835,+97.944,+95.645,+96.116,+96.452,+103.436,+101.449,+102.114,+100.751,+98.324,+99.801,+95.530,+102.242,+96.409,+104.877,+97.923,+100.828,+97.396,+101.298
0,331,+80.511,+132.622,+111.090,+85.931,+96.882,+108.659,+96.296,+107.545,+108.650,+105.924,+101.998,+110.053,+104.449,+106.022,+78.397,+121.080,+107.304,+116.172,+117.415,+97.262,+97.865,+99.637,+99.708,+97.138,+101.934,+96.753,+100.668,+101.430,+96.721,+98.692,+103.940,+102.784,+102.027,+103.532,+96.522,+95.968,+98.295,+103.964,+103.717,+102.242
0,332,+102.865,+110.987,+109.905,+110.121,+119.384,+117.785,+83.597,+99.280,+111.426,+103.364,+81.642,+117.887,+134.567,+113.924,+116.136,+103.040,+120.579,+105.475,+98.517,+100.908,+97.896,+95.318,+100.888,+96.905,+95.448,+103.514,+98.926,+98.981,+96.876,+102.456,+104.085,+102.491,+98.396,+98.352,+97.497,+104.273,+99.327,+104.777,+100.048,+103.862
0,333,+95.569,+103.260,+93.269,+116.154,+101.127,+116.648,+94.252,+112.155,+95.703,+95.596,+119.162,+110.633,+95.804,+86.238,+120.522,+96.881,+118.703,+108.289,+91.614,+124.259,+103.311,+95.345,+101.904,+103.884,+99.101,+95.047,+102.386,+95.683,+98.770,+100.146,+98.940,+99.397,+100.176,+97.787,+100.831,+97.133,+99.925,+99.411,+103.782,+102.954
0,334,+107.729,+101.232,+97.308,+90.498,+102.413,+79.994,+128.675,+101.694,+102.985,+130.157,+89.981,+88.825,+92.789,+87.436,+110.049,+125.447,+101.489,+92.459,+97.098,+100.918,+104.592,+99.642,+98.613,+98.822,+103.348,+98.052,+102.002,+98.205,+104.077,+95.309,+100.820,+104.937,+96.227,+95.734,+101.966,+103.086,+100.693,+100.765,+100.759,+103.733
0,335,+111.848,+113.444,+121.020,+105.502,+101.506,+123.259,+98.918,+103.050,+105.528,+100.699,+94.307,+111.559,+92.190,+93.921,+103.382,+108.419,+80.705,+89.275,+115.061,+89.029,+95.757,+98.950,+95.263,+101.031,+104.429,+98.132,+101.174,+97.050,+95.897,+96.618,+103.291,+97.023,+95.728,+97.328,+102.576,+99.085,+102.870,+97.621,+99.873,+97.864
0,336,+117.539,+100.544,+113.657,+109.021,+105.237,+78.992,+100.950,+102.418,+96.544,+117.536,+93.833,+69.180,+95.341,+104.827,+96.313,+106.453,+71.701,+102.390,+114.845,+103.254,+101.059,+96.432,+104.939,+104.587,+95.498,+98.237,+95.545,+100.741,+101.226,+104.937,+103.852,+95.856,+100.297,+103.581,+96.002,+98.153,+97.183,+97.904,+97.467,+98.179
0,337,+85.497,+95.199,+90.544,+114.214,+121.110,+84.898,+95.743,+100.518,+114.623,+89.788,+104.181,+107.262,+74.720,+97.739,+88.105,+88.006,+98.137,+92.917,+118.261,+85.860,+100.170,+96.616,+99.859,+98.323,+101.410,+95.173,+102.934,+104.770,+96.211,+96.501,+101.817,+104.634,+97.369,+95.094,+96.607,+104.747,+103.845,+100.490,+104.700,+102.345
0,338,+135.554,+78.660,+93.007,+102.019,+94.658,+119.074,+74.727,+97.054,+111.300,+108.133,+98.170,+103.195,+96.990,+100.361,+116.262,+110.901,+98.771,+91.416,+103.050,+73.323,+104.164,+102.426,+103.225,+95.382,+99.040,+100.777,+96.405,+98.650,+95.088,+102.349,+100.278,+102.715,+95.647,+95.756,+99.133,+101.968,+98.851,+100.131,+103.909,+100.054
0,339,+109.487,+86.602,+117.465,+120.645,+108.719,+128.969,+103.275,+120.685,+114.467,+126.766,+104.023,+92.048,+124.122,+125.249,+104.182,+101.342,+131.640,+74.445,+85.195,+112.006,+97.879,+96.563,+103.986,+104.553,+98.820,+98.265,+97.959,+104.373,+103.154,+103.319,+97.288,+100.287,+101.696,+96.180,+104.549,+102.060,+98.188,+95.608,+98.633,+102.438
0,340,+109.510,+87.629,+97.574,+96.739,+105.668,+112.011,+103.418,+96.520,+101.385,+103.027,+105.164,+95.396,+109.588,+104.824,+112.267,+106.959,+117.022,+79.620,+95.266,+117.838,+100.462,+99.886,+96.079,+99.199,+104.544,+95.056,+104.806,+103.713,+99.463,+97.630,+95.306,+95.983,+95.450,+102.596,+103.400,+97.853,+104.978,+101.082,+104.401,+98.983
0,341,+116.712,+66.353,+100.051,+113.716,+111.622,+106.151,+100.545,+111.699,+94.391,+81.026,+99.017,+97.409,+122.435,+93.723,+89.387,+107.031,+130.801,+110.942,+99.365,+103.630,+99.059,+99.768,+95.931,+96.120,+103.938,+102.151,+97.662,+100.288,+102.168,+98.956,+96.613,+96.928,+98.967,+98.136,+97.077,+98.412,+104.589,+97.640,+96.007,+100.155
0,342,+99.548,+108.481,+100.419,+106.404,+106.534,+92.544,+86.861,+104.427,+106.260,+97.666,+72.936,+112.341,+113.775,+105.747,+112.379,+83.896,+89.489,+108.082,+90.639,+110.321,+101.741,+95.665,+95.877,+104.421,+104.316,+103.312,+101.515,+103.912,+100.293,+99.303,+97.251,+95.956,+96.991,+100.337,+101.229,+95.233,+96.406,+101.750,+96.942,+95.465
0,343,+98.131,+104.408,+80.013,+98.424,+85.639,+84.323,+116.753,+98.788,+120.082,+99.294,+95.957,+112.774,+117.753,+110.908,+121.571,+87.121,+92.800,+93.392,+104.327,+93.184,+96.984,+96.815,+97.301,+101.061,+104.240,+96.645,+98.994,+99.451,+95.475,+95.903,+99.978,+102.085,+102.543,+96.302,+99.507,+102.316,+97.733,+96.663,+102.338,+102.009
0,344,+100.888,+117.583,+110.340,+77.519,+112.289,+99.939,+75.742,+103.021,+102.458,+99.706,+123.862,+103.254,+100.639,+102.218,+90.967,+106.381,+112.560,+108.041,+95.778,+113.688,+103.749,+101.083,+103.569,+103.777,+102.345,+97.917,+101.797,+101.361,+95.199,+102.678,+96.621,+98.229,+96.846,+99.779,+101.265,+98.532,+96.524,+98.176,+95.879,+104.913
0,345,+120.269,+83.230,+107.528,+96.874,+97.911,+101.327,+91.726,+107.557,+99.478,+95.340,+124.973,+79.720,+123.319,+96.143,+98.938,+107.283,+119.843,+104.431,+112.745,+86.285,+102.293,+98.138,+98.967,+102.722,+98.875,+96.746,+100.931,+95.232,+96.154,+99.353,+102.010,+99.487,+104.281,+97.285,+102.294,+101.055,+101.016,+99.134,+98.428,+102.907
0,346,+127.195,+83.899,+103.577,+88.515,+112.418,+100.095,+114.946,+94.287,+104.015,+104.662,+92.151,+91.896,+89.733,+118.165,+94.200,+111.818,+124.925,+108.971,+109.722,+112.185,+99.696,+104.778,+103.348,+100.132,+95.915,+96.854,+101.251,+104.119,+97.326,+101.701,+101.960,+99.544,+100.748,+96.511,+97.902,+98.605,+96.242,+97.461,+102.314,+95.061
0,347,+108.722,+102.799,+111.955,+106.989,+89.176,+74.348,+104.523,+107.339,+102.618,+99.250,+106.276,+97.686,+94.927,+101.756,+116.388,+88.945,+107.514,+100.001,+109.648,+125.432,+95.520,+101.069,+100.282,+95.080,+95.489,+99.339,+102.447,+102.549,+103.355,+99.432,+95.519,+103.411,+95.764,+97.639,+103.498,+99.538,+104.970,+99.785,+104.521,+95.322
0,348,+85.210,+105.579,+111.777,+116.333,+106.367,+87.316,+99.943,+104.123,+91.844,+105.327,+122.965,+91.930,+106.701,+111.113,+85.529,+99.608,+100.544,+95.345,+113.875,+96.859,+103.553,+103.188,+103.022,+99.354,+101.114,+102.664,+101.120,+102.368,+99.773,+98.799,+102.847,+104.972,+98.046,+100.113,+95.750,+103.998,+102.262,+97.762,+102.198,+97.405
0,349,+112.980,+89.838,+102.635,+110.524,+100.588,+114.862,+105.598,+116.139,+104.957,+105.243,+122.585,+86.736,+96.070,+103.921,+106.442,+91.079,+105.824,+80.304,+111.878,+95.511,+99.906,+95.178,+100.014,+95.498,+99.423,+95.553,+101.594,+104.330,+97.472,+98.828,+104.389,+96.494,+95.653,+98.749,+95.310,+97.873,+101.314,+101.871,+95.291,+104.352
0,350,+113.340,+112.445,+91.084,+87.391,+112.765,+101.045,+106.657,+112.876,+94.006,+103.278,+88.331,+80.449,+108.373,+114.974,+88.390,+106.170,+94.225,+88.928,+103.159,+94.558,+98.617,+97.557,+102.154,+102.658,+99.855,+95.004,+103.201,+100.702,+99.639,+98.302,+97.531,+100.488,+97.963,+100.962,+100.816,+96.685,+102.054,+97.919,+102.249,+97.038
0,351,+87.337,+75.316,+94.701,+100.296,+92.931,+132.758,+115.297,+107.461,+110.764,+100.713,+104.570,+101.574,+94.515,+105.893,+125.259,+105.707,+100.322,+96.677,+95.562,+90.963,+96.399,+102.761,+96.137,+100.726,+103.010,+103.723,+103.484,+104.172,+104.770,+99.275,+102.569,+99.666,+104.315,+102.893,+104.812,+103.157,+101.260,+99.624,+104.758,+101.930
0,352,+118.242,+81.250,+104.695,+100.030,+98.825,+112.093,+99.218,+90.679,+79.810,+102.234,+83.042,+111.557,+114.175,+91.268,+104.587,+80.994,+126.606,+93.702,+94.051,+78.691,+102.599,+102.854,+100.219,+95.566,+101.303,+95.736,+98.283,+100.369,+101.872,+97.271,+103.097,+101.371,+100.166,+102.128,+99.971,+96.329,+98.064,+103.515,+101.349,+98.785
0,353,+92.650,+110.260,+114.389,+87.040,+78.774,+91.954,+95.529,+101.084,+98.926,+107.357,+107.582,+126.382,+93.382,+114.446,+98.139,+77.404,+101.293,+119.682,+112.064,+87.544,+98.561,+102.926,+102.848,+104.424,+103.206,+104.836,+103.474,+100.982,+101.531,+95.121,+96.014,+102.957,+103.059,+95.745,+99.430,+96.444,+100.781,+96.665,+100.974,+100.338
0,354,+117.912,+93.701,+103.224,+89.671,+116.126,+80.099,+82.397,+65.908,+122.049,+90.508,+74.592,+90.729,+126.816,+111.831,+132.744,+112.846,+87.300,+120.169,+101.223,+101.157,+103.088,+96.127,+99.247,+95.256,+99.996,+97.028,+98.803,+101.207,+99.138,+103.117,+104.916,+103.118,+99.865,+102.069,+98.652,+99.240,+102.976,+96.027,+98.321,+101.815
0,355,+107.865,+112.337,+94.520,+120.240,+77.048,+111.114,+80.734,+98.905,+92.235,+104.091,+95.918,+84.055,+97.796,+102.469,+75.691,+98.555,+104.517,+96.596,+112.161,+112.553,+99.835,+95.316,+96.127,+100.422,+99.982,+99.475,+97.447,+95.437,+104.772,+102.354,+103.490,+101.638,+103.922,+100.826,+99.138,+101.266,+97.207,+101.807,+101.775,+95.774
0,356,+116.848,+86.841,+89.955,+100.904,+112.858,+86.279,+116.477,+108.943,+113.737,+108.521,+92.907,+117.161,+117.148,+113.526,+82.701,+115.314,+98.106,+96.474,+73.668,+79.642,+98.400,+95.241,+96.808,+100.889,+103.755,+102.745,+100.481,+101.376,+99.932,+98.706,+98.341,+96.503,+102.155,+99.880,+103.342,+99.390,+97.574,+95.457,+103.792,+99.191
0,357,+94.715,+93.618,+107.631,+92.759,+104.460,+122.135,+100.941,+116.675,+82.728,+85.409,+98.074,+93.486,+105.618,+90.610,+122.220,+114.132,+94.247,+121.793,+103.747,+116.537,+98.097,+98.313,+100.384,+95.009,+100.656,+97.373,+102.480,+100.219,+98.418,+103.276,+95.986,+104.684,+95.764,+98.006,+100.384,+100.883,+98.590,+99.327,+98.066,+99.270
0,358,+87.947,+84.397,+81.736,+109.601,+99.529,+101.201,+89.038,+77.913,+121.004,+106.267,+136.962,+105.945,+97.487,+109.910,+110.691,+102.611,+95.265,+114.491,+124.312,+82.812,+104.390,+103.367,+98.518,+97.828,+102.471,+102.944,+99.456,+98.726,+97.373,+95.358,+99.073,+96.975,+96.414,+97.523,+95.179,+103.153,+96.212,+101.451,+101.449,+104.445
0,359,+100.026,+95.269,+107.875,+108.441,+101.805,+94.134,+86.333,+101.949,+105.072,+82.534,+99.839,+111.395,+90.459,+106.716,+110.730,+98.633,+101.227,+66.641,+111.156,+90.650,+99.758,+102.409,+103.495,+95.601,+104.680,+97.646,+98.671,+101.329,+104.369,+102.203,+96.545,+101.747,+99.771,+104.487,+99.251,+97.056,+96.000,+98.989,+99.524,+103.316
0,360,+104.062,+105.872,+102.548,+89.584,+88.202,+105.258,+99.917,+104.958,+79.561,+106.692,+95.602,+118.949,+100.921,+111.846,+109.509,+128.143,+120.870,+70.829,+102.720,+81.972,+98.064,+103.761,+102.094,+98.719,+95.804,+97.906,+104.034,+102.416,+98.203,+103.222,+97.472,+96.680,+104.479,+97.840,+99.326,+99.019,+101.604,+99.682,+95.574,+102.491
0,361,+107.031,+81.074,+96.484,+106.090,+104.964,+100.256,+105.625,+127.431,+78.790,+120.047,+112.826,+88.384,+94.083,+67.246,+107.821,+129.405,+95.867,+92.891,+110.635,+113.879,+104.607,+101.824,+102.144,+102.737,+104.283,+96.667,+101.521,+100.186,+97.396,+99.200,+99.404,+104.266,+104.700,+101.527,+103.812,+97.828,+97.039,+104.434,+95.097,+104.313
0,362,+84.397,+102.095,+105.511,+109.617,+93.311,+119.612,+107.959,+112.864,+118.362,+110.429,+109.079,+121.527,+112.892,+105.171,+109.721,+112.305,+122.976,+112.766,+103.303,+97.713,+103.581,+96.056,+97.089,+102.757,+101.022,+98.721,+97.678,+98.979,+104.072,+99.776,+102.024,+95.698,+99.611,+104.200,+101.714,+98.411,+102.754,+102.203,+99.318,+96.232
0,363,+110.363,+119.984,+68.232,+108.718,+100.387,+123.828,+110.907,+119.882,+107.915,+112.233,+106.838,+130.388,+103.896,+121.624,+96.296,+94.065,+107.769,+106.702,+106.411,+90.860,+97.422,+100.617,+103.929,+103.820,+104.325,+101.519,+101.082,+99.767,+102.881,+98.224,+101.798,+98.545,+98.634,+96.473,+97.044,+99.300,+102.898,+101.817,+95.495,+98.481
0,364,+103.492,+117.395,+84.443,+91.060,+115.547,+125.614,+114.615,+106.755,+101.822,+90.843,+96.896,+100.080,+121.264,+98.276,+102.108,+108.737,+97.103,+98.954,+113.024,+108.340,+96.188,+101.010,+96.532,+98.136,+96.554,+98.035,+96.706,+102.124,+95.783,+97.475,+101.500,+96.272,+103.074,+95.434,+100.868,+96.455,+103.955,+95.744,+97.704,+100.359
0,365,+101.368,+111.393,+117.444,+119.429,+104.212,+91.271,+106.238,+104.987,+92.800,+81.155,+110.267,+96.553,+78.784,+111.847,+83.640,+91.939,+105.491,+77.474,+107.716,+125.415,+103.790,+101.294,+97.232,+96.920,+99.666,+102.344,+101.280,+99.988,+101.777,+96.516,+102.906,+99.249,+103.059,+95.264,+104.461,+104.061,+102.734,+104.947,+99.335,+103.708
0,366,+89.163,+91.223,+110.120,+119.375,+98.497,+126.326,+97.987,+101.707,+114.860,+100.278,+102.810,+86.184,+110.627,+94.728,+120.685,+87.475,+110.528,+88.549,+103.623,+100.225,+104.896,+102.180,+104.139,+101.540,+100.553,+101.954,+98.713,+101.571,+96.208,+97.511,+103.363,+103.649,+96.108,+100.456,+102.550,+97.122,+103.503,+101.065,+103.868,+100.082
0,367,+110.298,+100.891,+98.472,+107.341,+91.481,+79.410,+100.116,+95.405,+107.841,+93.325,+71.422,+127.068,+89.203,+106.282,+112.209,+116.617,+102.908,+85.037,+115.113,+85.272,+99.748,+102.789,+104.864,+100.353,+99.306,+102.019,+102.967,+100.587,+99.272,+104.583,+101.426,+96.590,+104.559,+99.064,+97.017,+104.046,+97.336,+99.505,+95.017,+97.797
0,368,+109.658,+97.185,+100.492,+104.577,+108.909,+94.586,+108.618,+96.498,+104.045,+104.433,+96.635,+82.974,+103.162,+98.265,+108.050,+92.314,+96.341,+88.712,+107.900,+103.080,+97.649,+104.997,+103.518,+96.382,+97.079,+96.277,+103.305,+98.855,+104.346,+95.173,+95.114,+98.201,+103.070,+101.419,+96.341,+97.939,+100.275,+104.467,+97.356,+104.556
0,369,+113.557,+78.464,+100.520,+107.171,+87.073,+102.912,+99.715,+79.459,+110.978,+106.119,+102.624,+87.662,+95.320,+102.218,+106.266,+101.387,+101.268,+117.642,+98.095,+105.910,+98.094,+95.213,+95.559,+95.643,+104.599,+97.387,+97.572,+95.342,+99.785,+103.853,+101.804,+97.805,+97.558,+104.663,+99.476,+95.201,+102.435,+101.921,+98.076,+98.844
0,370,+94.726,+89.722,+147.444,+97.750,+120.265,+95.672,+91.148,+72.260,+127.800,+102.569,+98.306,+112.445,+93.859,+115.365,+103.425,+118.531,+85.498,+105.413,+109.455,+83.038,+97.648,+99.571,+104.894,+104.966,+103.913,+97.323,+98.398,+95.837,+97.726,+99.320,+97.850,+99.663,+103.418,+102.436,+100.960,+101.111,+99.900,+102.858,+99.617,+98.363
0,371,+74.392,+109.061,+81.834,+110.592,+109.463,+94.399,+87.435,+114.341,+93.365,+112.736,+103.159,+96.618,+86.489,+108.220,+96.753,+122.008,+87.842,+103.076,+99.460,+119.575,+99.867,+99.083,+95.253,+100.666,+104.605,+102.186,+97.687,+102.032,+102.143,+98.980,+95.427,+95.554,+103.985,+98.048,+96.297,+97.117,+102.249,+103.032,+96.763,+99.011
0,372,+121.676,+88.277,+85.209,+109.777,+92.148,+110.695,+76.525,+83.376,+102.906,+108.381,+112.218,+113.830,+87.352,+101.242,+86.808,+117.551,+97.920,+80.428,+91.052,+94.318,+99.057,+99.272,+101.050,+99.861,+102.314,+95.785,+99.293,+100.600,+96.340,+99.051,+103.632,+96.825,+104.332,+104.333,+95.788,+99.279,+96.620,+99.427,+97.429,+104.006
0,373,+112.774,+104.631,+114.246,+122.074,+108.323,+88.955,+101.710,+112.323,+109.014,+99.367,+96.557,+102.250,+92.924,+101.118,+106.821,+98.220,+97.504,+114.448,+124.032,+102.696,+104.652,+98.937,+103.125,+97.342,+95.979,+98.625,+100.672,+101.215,+98.998,+98.307,+99.592,+96.166,+103.534,+98.487,+102.137,+96.728,+101.637,+98.521,+95.303,+95.472
0,374,+90.152,+93.731,+104.316,+87.742,+97.199,+101.275,+125.595,+113.762,+90.076,+82.089,+111.538,+112.022,+89.838,+80.628,+81.008,+110.049,+109.919,+102.802,+128.570,+117.521,+102.911,+100.806,+97.736,+98.682,+99.976,+97.140,+100.594,+100.848,+101.235,+96.995,+96.548,+103.249,+103.491,+101.314,+103.419,+100.790,+100.785,+96.284,+96.258,+100.195
0,375,+111.279,+116.733,+112.773,+111.471,+87.997,+86.639,+102.203,+109.663,+104.556,+81.248,+90.553,+115.824,+91.057,+91.674,+103.193,+105.019,+122.614,+121.653,+107.447,+97.536,+102.536,+96.108,+101.606,+96.552,+98.170,+97.387,+100.941,+96.328,+98.581,+100.690,+96.061,+96.909,+96.896,+95.355,+98.964,+95.273,+97.147,+101.908,+102.267,+99.313
0,376,+102.037,+101.661,+99.786,+139.383,+127.234,+109.942,+97.364,+103.812,+97.425,+114.806,+120.403,+111.316,+96.830,+95.620,+113.153,+90.830,+127.709,+113.548,+92.532,+113.289,+102.970,+104.261,+96.063,+100.124,+101.155,+101.394,+99.470,+96.485,+104.614,+103.881,+100.253,+99.706,+101.106,+95.669,+97.994,+99.275,+103.060,+104.034,+102.826,+101.253
0,377,+119.034,+83.204,+86.820,+91.407,+82.631,+116.922,+104.468,+91.556,+107.149,+90.816,+95.465,+96.806,+104.188,+70.862,+98.538,+79.732,+114.116,+101.714,+115.478,+125.315,+96.258,+103.025,+99.357,+102.742,+102.366,+104.477,+97.508,+103.939,+99.073,+96.983,+101.506,+103.823,+95.110,+96.436,+99.010,+98.855,+103.808,+102.508,+100.448,+99.862
0,378,+114.295,+99.555,+107.322,+105.644,+90.723,+113.542,+96.449,+96.001,+122.096,+97.232,+112.096,+99.526,+100.870,+116.103,+110.720,+115.504,+82.342,+91.965,+119.051,+98.758,+100.147,+96.453,+98.594,+102.422,+103.995,+98.478,+102.971,+103.021,+103.721,+97.081,+96.957,+100.242,+102.200,+98.587,+102.872,+96.566,+102.104,+96.654,+103.417,+96.928
0,379,+113.185,+107.372,+100.702,+109.168,+103.776,+116.652,+82.247,+109.987,+126.778,+124.730,+104.445,+115.907,+95.354,+90.952,+102.408,+117.481,+92.374,+96.956,+84.950,+89.862,+103.214,+99.244,+103.370,+101.435,+100.268,+104.572,+96.256,+100.473,+96.127,+99.350,+102.881,+101.129,+102.169,+102.467,+101.375,+102.324,+102.039,+104.673,+100.956,+97.246
0,380,+130.583,+96.908,+80.733,+84.483,+75.991,+115.793,+104.906,+91.968,+97.260,+99.501,+106.839,+109.185,+107.017,+107.377,+99.133,+104.331,+102.274,+120.895,+100.212,+83.360,+98.872,+102.134,+102.911,+100.683,+98.955,+100.996,+99.933,+98.838,+99.853,+96.000,+101.642,+100.551,+103.123,+103.697,+99.662,+102.682,+103.312,+100.144,+104.957,+98.668
0,381,+91.572,+109.774,+78.440,+127.742,+133.125,+88.888,+116.967,+84.817,+120.418,+65.445,+111.827,+132.585,+100.313,+104.626,+93.309,+79.046,+113.387,+117.810,+108.015,+107.067,+104.942,+96.232,+104.729,+103.568,+100.619,+103.481,+98.146,+102.391,+103.567,+95.636,+103.636,+97.977,+98.350,+96.362,+103.725,+100.471,+96.364,+95.881,+102.503,+104.953
0,382,+117.414,+86.401,+80.868,+92.962,+94.943,+118.083,+97.023,+102.728,+76.087,+95.022,+95.564,+97.753,+117.212,+110.401,+100.064,+90.275,+104.458,+72.788,+75.254,+98.811,+99.987,+96.185,+100.112,+97.396,+104.495,+99.572,+96.056,+96.432,+100.070,+100.923,+103.379,+102.247,+96.668,+104.151,+95.065,+98.787,+102.841,+99.666,+103.162,+100.414
0,383,+92.798,+98.815,+107.066,+120.094,+130.217,+104.837,+116.253,+87.282,+91.146,+106.692,+127.514,+103.102,+120.312,+126.879,+92.605,+101.717,+89.271,+102.534,+105.140,+98.540,+100.392,+97.109,+100.520,+95.201,+99.369,+104.267,+101.058,+99.188,+99.968,+104.530,+103.244,+96.609,+95.939,+101.174,+101.938,+96.786,+97.563,+101.874,+100.766,+104.726
0,384,+104.264,+98.139,+117.416,+96.866,+116.541,+88.919,+115.018,+92.635,+102.400,+115.968,+110.132,+115.899,+105.569,+117.058,+73.314,+120.572,+69.438,+99.126,+91.091,+114.058,+96.468,+98.985,+103.122,+97.794,+96.712,+101.502,+104.697,+100.988,+99.038,+103.533,+99.092,+101.224,+95.256,+102.664,+103.820,+101.321,+103.189,+96.697,+95.629,+97.146
0,385,+95.721,+119.972,+107.492,+107.705,+93.945,+92.332,+99.455,+87.792,+109.173,+119.088,+91.011,+116.771,+99.017,+111.541,+112.292,+106.848,+90.323,+117.696,+77.704,+110.543,+95.800,+100.760,+103.812,+100.078,+104.974,+104.122,+98.702,+102.191,+104.469,+96.618,+97.003,+104.519,+99.141,+99.005,+101.926,+104.826,+100.023,+101.020,+98.761,+104.635
0,386,+107.237,+79.926,+107.212,+93.528,+118.130,+112.635,+73.807,+111.218,+110.722,+109.389,+100.032,+107.311,+107.206,+107.136,+105.616,+96.076,+97.564,+107.340,+84.513,+94.490,+99.487,+96.640,+102.430,+95.228,+103.775,+101.913,+101.052,+100.945,+101.037,+103.582,+103.167,+97.836,+99.356,+98.558,+100.223,+101.698,+98.220,+96.012,+104.963,+97.419
0,387,+100.410,+127.868,+109.890,+119.028,+88.843,+124.784,+92.485,+97.136,+92.229,+112.392,+107.610,+116.158,+106.339,+120.238,+97.309,+89.662,+102.817,+91.733,+112.865,+89.729,+95.237,+101.983,+101.836,+98.862,+95.648,+102.975,+100.122,+99.313,+95.619,+95.503,+104.036,+103.331,+98.994,+97.385,+97.795,+99.697,+95.730,+101.155,+95.168,+101.373
0,388,+106.279,+105.499,+89.030,+96.366,+122.751,+100.176,+77.804,+92.152,+82.541,+115.789,+97.362,+102.705,+110.603,+116.383,+106.205,+110.381,+90.692,+104.378,+112.941,+102.333,+101.062,+103.218,+98.860,+100.088,+95.531,+95.044,+96.299,+104.413,+95.113,+97.833,+102.162,+96.061,+104.021,+99.913,+102.113,+101.002,+103.706,+100.563,+98.176,+102.681
0,389,+104.917,+99.333,+103.545,+97.328,+97.911,+92.229,+106.335,+106.740,+111.003,+93.096,+87.887,+93.645,+119.339,+89.475,+107.780,+131.014,+96.260,+108.291,+114.118,+107.308,+99.379,+100.337,+103.264,+96.455,+95.543,+102.882,+99.406,+97.570,+104.239,+95.878,+101.379,+96.907,+101.782,+95.961,+99.161,+102.443,+104.109,+101.876,+100.518,+97.757
0,390,+98.536,+111.245,+94.301,+105.102,+91.440,+116.090,+102.300,+104.672,+87.606,+124.275,+103.466,+103.832,+98.817,+104.790,+112.548,+123.431,+98.788,+88.192,+117.609,+91.759,+99.973,+104.581,+98.475,+100.278,+97.117,+98.622,+98.454,+100.001,+103.593,+98.679,+103.579,+99.798,+98.913,+99.685,+97.455,+101.282,+97.469,+95.514,+100.825,+102.474
0,391,+95.633,+119.275,+113.620,+110.550,+116.704,+113.279,+68.052,+124.593,+117.899,+95.989,+92.393,+97.714,+103.754,+133.244,+104.727,+86.814,+97.850,+91.899,+103.211,+110.837,+99.146,+103.682,+103.319,+100.716,+101.819,+99.474,+95.285,+102.515,+101.892,+102.805,+97.033,+102.124,+101.290,+102.926,+99.088,+96.778,+101.541,+101.782,+99.099,+102.707
0,392,+116.582,+109.943,+94.162,+116.145,+111.986,+79.418,+89.116,+135.825,+109.990,+98.142,+105.618,+98.963,+95.943,+91.250,+115.880,+97.687,+103.010,+98.268,+91.895,+123.685,+100.761,+102.648,+103.456,+96.499,+102.277,+99.929,+97.227,+97.679,+104.902,+97.102,+97.730,+97.457,+101.382,+96.849,+104.591,+101.094,+99.841,+103.666,+95.891,+98.504
0,393,+106.874,+92.910,+111.382,+88.340,+112.794,+111.803,+77.891,+108.894,+98.174,+111.932,+73.119,+98.903,+99.814,+87.899,+87.149,+111.199,+103.683,+93.790,+105.474,+105.809,+97.378,+97.215,+100.276,+95.670,+102.728,+99.647,+102.018,+100.732,+102.032,+101.413,+103.485,+99.480,+98.771,+99.970,+95.178,+103.492,+96.966,+101.185,+97.803,+100.310
0,394,+106.583,+100.451,+92.985,+116.119,+120.786,+92.552,+87.764,+117.207,+122.249,+105.458,+110.165,+109.723,+100.756,+99.539,+114.256,+124.285,+86.868,+117.475,+96.010,+102.201,+96.682,+101.443,+102.900,+98.217,+104.617,+101.394,+100.571,+96.119,+96.594,+98.246,+101.419,+100.108,+97.908,+103.511,+95.271,+98.503,+98.802,+102.586,+103.900,+98.284
0,395,+125.593,+90.169,+111.477,+103.343,+91.343,+107.381,+110.672,+108.055,+114.776,+95.027,+74.602,+108.178,+112.346,+97.456,+87.901,+104.440,+100.699,+82.651,+112.222,+82.239,+101.475,+104.672,+97.438,+96.317,+96.449,+104.960,+104.612,+100.192,+97.537,+102.581,+104.068,+99.451,+102.190,+95.380,+98.151,+101.641,+101.503,+101.769,+99.354,+96.113
0,396,+94.249,+99.041,+91.726,+108.757,+102.674,+94.542,+97.250,+89.161,+105.671,+112.962,+95.221,+116.552,+108.064,+105.139,+120.264,+123.650,+97.489,+89.516,+105.585,+110.695,+96.870,+99.144,+98.326,+97.891,+100.395,+99.014,+100.973,+98.910,+104.005,+95.722,+96.140,+98.356,+96.189,+98.704,+98.801,+103.006,+99.261,+102.353,+102.590,+103.436
0,397,+120.443,+97.161,+99.508,+116.821,+103.010,+102.784,+93.423,+101.591,+111.849,+103.681,+97.971,+127.812,+97.545,+90.712,+80.782,+95.025,+119.089,+101.143,+122.256,+101.562,+96.213,+100.597,+101.048,+100.702,+103.578,+97.079,+99.429,+100.541,+95.776,+102.074,+97.524,+103.500,+103.686,+95.149,+100.477,+103.029,+102.426,+100.145,+98.540,+100.915
0,398,+97.632,+120.178,+97.448,+126.495,+98.850,+116.696,+97.295,+79.136,+98.124,+105.322,+95.622,+129.354,+104.549,+104.564,+97.140,+92.582,+100.761,+80.575,+108.029,+90.792,+100.126,+98.811,+104.741,+103.885,+101.640,+97.168,+104.585,+97.058,+100.419,+103.777,+101.989,+97.161,+100.717,+101.502,+100.137,+99.991,+97.076,+98.495,+97.123,+97.559
0,399,+99.406,+78.114,+102.255,+119.922,+95.354,+119.379,+104.458,+92.409,+113.538,+83.659,+93.615,+100.028,+106.369,+95.990,+85.932,+92.233,+105.511,+78.800,+92.246,+110.490,+97.169,+102.762,+98.684,+99.067,+95.206,+104.198,+96.623,+99.519,+96.892,+101.576,+99.789,+96.119,+98.541,+99.722,+104.644,+96.544,+97.940,+104.430,+97.889,+100.176
0,400,+70.081,+75.900,+111.378,+103.044,+96.228,+116.538,+117.032,+100.500,+90.049,+118.139,+98.559,+112.006,+85.965,+88.891,+112.041,+109.607,+102.200,+119.708,+100.925,+113.427,+97.312,+95.478,+101.292,+100.807,+100.158,+96.785,+96.853,+100.595,+103.347,+102.332,+104.097,+102.490,+103.753,+104.851,+98.670,+100.303,+96.821,+95.006,+98.266,+104.858
0,401,+101.169,+111.179,+101.645,+107.017,+87.483,+97.488,+92.665,+108.916,+81.882,+93.905,+118.495,+67.191,+95.482,+127.769,+95.833,+113.576,+97.609,+104.328,+105.667,+90.856,+104.283,+99.032,+100.501,+96.356,+96.173,+104.837,+102.527,+99.506,+97.722,+101.612,+98.420,+103.189,+97.281,+103.062,+98.008,+100.655,+101.700,+101.687,+96.848,+102.410
0,402,+114.200,+97.049,+107.565,+98.120,+105.961,+88.951,+99.288,+100.663,+130.283,+96.690,+103.247,+105.587,+94.371,+111.963,+119.094,+99.126,+121.504,+88.262,+114.875,+103.333,+100.262,+104.516,+98.490,+100.128,+99.539,+101.518,+104.802,+101.085,+100.414,+97.323,+104.158,+97.657,+98.635,+97.542,+97.818,+96.086,+99.931,+104.855,+102.676,+97.119
0,403,+117.340,+119.041,+107.872,+97.934,+108.036,+105.725,+67.908,+109.898,+115.463,+96.797,+96.699,+112.465,+94.784,+107.721,+92.784,+88.195,+115.117,+100.846,+92.078,+97.890,+95.327,+103.407,+102.333,+102.180,+104.477,+98.264,+104.950,+98.784,+96.885,+100.249,+97.910,+102.033,+98.628,+101.245,+104.217,+101.027,+101.854,+103.907,+100.779,+104.679
0,404,+101.432,+116.701,+108.499,+98.188,+80.487,+90.777,+93.451,+107.940,+82.580,+108.673,+105.254,+102.195,+94.934,+127.556,+89.070,+93.645,+101.658,+111.858,+94.867,+97.042,+99.562,+99.565,+101.099,+99.558,+96.435,+103.166,+99.229,+96.519,+95.537,+96.232,+101.792,+101.115,+95.049,+99.142,+100.562,+95.309,+98.020,+98.010,+100.950,+96.711
0,405,+117.992,+91.808,+99.051,+102.751,+78.546,+119.715,+114.155,+113.167,+94.518,+82.868,+107.955,+112.296,+93.149,+109.121,+82.863,+98.431,+111.792,+94.491,+108.823,+109.847,+96.565,+98.964,+101.479,+99.660,+99.731,+103.381,+101.922,+96.673,+103.854,+99.420,+104.038,+101.963,+100.277,+97.163,+103.937,+103.766,+99.996,+99.007,+95.603,+99.821
0,406,+92.224,+80.688,+98.452,+95.235,+81.849,+107.352,+98.427,+101.113,+116.820,+81.283,+92.746,+104.168,+72.548,+86.103,+118.624,+105.594,+104.630,+118.551,+123.258,+99.439,+97.184,+103.424,+100.528,+102.780,+102.760,+97.983,+96.760,+103.144,+104.124,+98.451,+95.277,+103.978,+102.590,+99.862,+104.066,+100.496,+98.749,+100.131,+96.605,+100.490
0,407,+112.531,+102.849,+103.493,+111.119,+90.461,+115.313,+110.593,+103.879,+108.620,+107.219,+111.407,+114.388,+98.907,+115.479,+107.912,+108.621,+96.375,+105.857,+85.526,+100.346,+102.252,+97.638,+104.727,+103.591,+99.202,+98.152,+97.322,+104.933,+104.092,+99.148,+97.333,+95.233,+97.462,+101.971,+102.500,+98.377,+95.173,+96.723,+101.908,+99.471
0,408,+109.596,+108.574,+86.442,+109.671,+101.408,+97.940,+105.039,+115.987,+107.792,+65.728,+101.199,+63.442,+112.911,+103.311,+109.729,+87.894,+124.153,+97.379,+105.931,+103.418,+101.764,+95.645,+95.978,+95.794,+103.468,+96.234,+96.345,+98.577,+95.809,+104.576,+99.737,+103.292,+99.240,+96.192,+98.875,+104.712,+99.893,+104.160,+95.592,+97.348
0,409,+118.757,+108.610,+136.890,+95.570,+110.861,+75.500,+88.037,+107.362,+107.553,+108.929,+104.529,+122.076,+105.382,+87.301,+112.706,+96.940,+91.068,+116.121,+107.633,+95.621,+96.449,+99.597,+101.133,+102.519,+104.963,+95.233,+95.911,+100.622,+96.599,+99.689,+95.302,+95.963,+96.329,+96.250,+103.158,+100.353,+95.353,+102.748,+102.778,+96.839
0,410,+115.435,+112.936,+96.629,+90.238,+94.149,+92.875,+112.898,+79.972,+112.782,+99.227,+101.666,+122.581,+95.116,+115.532,+107.779,+98.225,+112.883,+115.742,+102.020,+103.795,+96.545,+97.325,+100.332,+101.419,+99.958,+102.513,+104.659,+100.905,+103.490,+96.600,+103.737,+95.229,+96.594,+95.517,+102.613,+102.270,+103.405,+99.795,+101.417,+98.352
0,411,+99.723,+116.596,+100.910,+105.414,+79.989,+102.940,+96.532,+106.011,+121.618,+105.426,+92.910,+99.504,+84.228,+103.915,+99.628,+100.501,+106.754,+90.633,+102.910,+88.604,+95.592,+96.477,+95.086,+103.333,+100.129,+99.222,+100.808,+96.771,+97.824,+99.728,+101.625,+100.509,+95.139,+95.157,+99.201,+104.725,+103.255,+101.583,+102.586,+101.842
0,412,+126.705,+105.940,+98.947,+87.764,+141.248,+105.699,+128.324,+90.626,+116.167,+111.412,+100.890,+96.004,+92.807,+117.471,+93.651,+90.524,+112.126,+103.792,+85.081,+109.526,+101.764,+104.000,+98.010,+103.192,+104.034,+97.817,+103.511,+97.051,+98.031,+104.909,+104.862,+98.393,+102.477,+103.718,+102.162,+101.706,+96.071,+95.001,+100.637,+96.025
0,413,+79.855,+106.528,+91.735,+100.134,+113.095,+96.726,+103.882,+99.708,+105.918,+122.846,+90.995,+105.360,+103.170,+89.122,+105.227,+60.183,+105.640,+121.779,+92.101,+112.564,+96.070,+96.158,+99.066,+96.706,+101.380,+98.186,+103.021,+103.578,+98.899,+96.717,+97.197,+95.471,+97.694,+100.845,+103.516,+103.660,+96.163,+100.802,+95.987,+100.722
0,414,+99.210,+81.064,+126.316,+98.727,+107.887,+94.800,+90.202,+130.683,+75.914,+105.577,+125.630,+104.310,+110.951,+131.661,+106.406,+102.601,+85.437,+87.783,+82.088,+106.133,+103.434,+95.289,+100.273,+97.161,+98.836,+98.733,+95.626,+95.625,+100.897,+96.632,+100.498,+95.162,+101.260,+95.340,+97.701,+104.019,+98.308,+99.167,+97.854,+95.754
0,415,+98.760,+93.840,+84.126,+109.679,+124.850,+93.093,+87.368,+103.579,+102.348,+88.448,+81.521,+95.275,+112.517,+107.142,+82.631,+94.639,+103.834,+101.962,+101.971,+115.063,+95.632,+95.476,+95.873,+97.118,+99.609,+98.505,+99.621,+100.107,+97.815,+95.156,+101.604,+97.534,+101.854,+102.212,+97.943,+102.484,+101.517,+99.699,+96.313,+102.384
0,416,+102.044,+117.474,+105.677,+110.231,+92.220,+106.998,+118.148,+117.820,+98.045,+103.382,+99.564,+112.729,+119.825,+94.206,+84.706,+108.447,+97.416,+108.818,+106.668,+103.362,+100.627,+97.480,+97.477,+98.062,+95.978,+104.596,+97.945,+98.213,+104.861,+102.944,+101.315,+103.879,+98.168,+95.831,+102.285,+104.321,+100.228,+95.509,+101.298,+97.034
0,417,+100.318,+101.338,+112.449,+97.628,+109.915,+103.014,+120.916,+102.452,+90.166,+107.658,+92.751,+88.191,+118.510,+124.426,+108.089,+84.417,+116.023,+101.357,+98.563,+104.693,+96.787,+100.867,+95.982,+95.241,+104.828,+104.528,+103.322,+103.535,+103.626,+99.996,+102.103,+102.764,+96.646,+102.551,+99.746,+102.186,+97.517,+95.263,+97.372,+97.288
0,418,+105.464,+101.878,+114.503,+101.714,+90.298,+88.566,+90.530,+128.366,+106.060,+135.650,+103.072,+108.431,+97.291,+87.841,+91.097,+97.365,+94.813,+96.228,+131.900,+106.474,+96.279,+99.996,+101.253,+104.567,+99.997,+95.120,+98.283,+104.926,+95.380,+99.685,+96.077,+100.824,+102.133,+104.527,+95.937,+99.397,+104.572,+100.520,+101.643,+97.714
0,419,+95.402,+90.892,+90.406,+101.945,+110.533,+91.295,+96.515,+110.150,+109.671,+108.792,+96.695,+101.275,+116.280,+119.654,+97.787,+108.746,+101.262,+82.233,+81.681,+93.536,+103.948,+103.589,+99.278,+96.411,+98.925,+96.024,+96.426,+102.942,+95.089,+103.662,+97.704,+104.640,+99.595,+104.185,+104.344,+95.283,+104.617,+98.777,+96.327,+102.938
0,420,+111.412,+76.869,+104.480,+111.039,+122.622,+63.994,+88.874,+90.131,+87.278,+107.990,+97.017,+82.923,+104.824,+99.126,+98.525,+108.600,+123.420,+110.556,+99.706,+107.981,+96.474,+99.187,+101.986,+99.349,+98.652,+104.364,+97.213,+101.790,+96.019,+102.289,+101.655,+96.534,+98.931,+96.193,+102.757,+100.967,+100.900,+104.385,+100.150,+97.526
0,421,+99.344,+95.707,+106.998,+100.784,+101.384,+106.182,+95.935,+104.853,+98.609,+117.605,+89.069,+93.802,+78.926,+106.910,+96.743,+113.015,+122.544,+92.132,+98.291,+88.948,+100.972,+98.331,+101.053,+102.925,+104.310,+103.780,+96.642,+100.852,+104.905,+95.992,+98.515,+96.504,+103.682,+100.188,+97.952,+99.550,+98.454,+95.283,+104.582,+101.927
0,422,+79.770,+137.573,+87.042,+129.952,+110.055,+97.006,+102.480,+87.829,+112.244,+95.543,+100.098,+85.762,+108.596,+97.238,+72.360,+89.364,+118.371,+103.834,+130.592,+99.295,+102.657,+95.713,+95.187,+97.238,+98.918,+95.028,+103.005,+104.860,+103.157,+100.869,+102.730,+100.551,+101.390,+103.945,+95.150,+103.304,+96.895,+99.456,+97.079,+104.045
0,423,+85.444,+84.141,+102.973,+124.208,+106.419,+124.386,+105.702,+91.726,+97.133,+102.425,+131.350,+106.005,+115.821,+92.815,+94.759,+119.336,+105.216,+116.245,+112.412,+108.581,+96.200,+102.184,+96.979,+95.850,+102.420,+96.167,+100.094,+104.449,+95.187,+102.504,+104.777,+102.036,+97.933,+96.190,+97.010,+103.558,+104.641,+104.348,+104.133,+104.116
0,424,+112.826,+95.304,+91.227,+125.736,+97.073,+97.114,+106.508,+80.875,+98.571,+93.504,+95.286,+96.695,+100.832,+99.903,+97.663,+108.519,+100.269,+114.982,+90.811,+114.302,+99.904,+104.356,+97.601,+100.527,+101.374,+95.326,+100.286,+96.511,+97.990,+104.766,+102.517,+98.771,+99.158,+95.364,+101.051,+97.969,+96.188,+101.244,+101.473,+100.419
0,425,+93.967,+101.864,+113.113,+94.441,+102.088,+112.922,+105.863,+99.170,+102.034,+106.770,+115.349,+100.955,+114.146,+94.473,+100.722,+80.533,+102.892,+87.714,+102.067,+99.594,+96.713,+101.757,+95.477,+100.572,+95.211,+103.232,+99.733,+96.887,+102.919,+102.849,+104.309,+98.349,+95.964,+102.123,+95.245,+101.093,+101.133,+103.965,+96.637,+103.538
0,426,+105.880,+108.048,+121.935,+91.411,+100.151,+99.673,+93.898,+108.137,+114.698,+96.103,+81.580,+92.898,+101.556,+103.885,+84.943,+97.871,+90.859,+93.037,+114.521,+116.532,+95.118,+104.442,+104.124,+96.504,+98.989,+102.487,+95.437,+101.047,+99.576,+99.369,+97.488,+96.849,+95.786,+100.150,+102.956,+98.387,+98.391,+104.346,+100.315,+97.746
0,427,+112.131,+86.349,+105.238,+97.878,+109.289,+77.811,+106.801,+107.470,+120.859,+82.576,+121.342,+108.538,+89.897,+119.183,+96.752,+108.814,+116.344,+98.717,+101.445,+114.918,+101.214,+103.837,+104.075,+96.943,+98.116,+96.644,+101.704,+103.546,+99.126,+99.879,+96.707,+97.506,+98.454,+104.930,+101.833,+104.488,+100.938,+103.473,+96.959,+96.216
0,428,+105.570,+109.281,+120.606,+113.555,+109.517,+100.400,+98.466,+103.628,+112.725,+111.916,+105.169,+108.563,+140.433,+135.192,+108.510,+84.438,+108.331,+99.626,+119.646,+110.186,+96.437,+98.210,+99.154,+102.201,+102.868,+100.987,+101.483,+97.974,+103.928,+102.068,+99.091,+97.733,+97.326,+103.393,+101.363,+97.917,+99.588,+102.940,+104.025,+96.851
0,429,+125.547,+102.100,+99.982,+109.815,+118.702,+105.736,+104.213,+97.564,+109.638,+128.643,+116.469,+108.260,+79.481,+71.851,+89.625,+84.792,+90.126,+122.984,+81.751,+95.717,+100.416,+103.233,+97.863,+99.706,+99.398,+99.704,+101.555,+104.294,+98.664,+102.605,+99.088,+103.984,+95.350,+99.716,+103.714,+97.753,+103.009,+98.467,+101.835,+95.597
0,430,+99.933,+114.367,+100.175,+97.722,+101.302,+94.918,+118.607,+90.692,+90.665,+100.748,+91.679,+109.120,+102.777,+95.026,+110.630,+110.653,+109.149,+110.743,+99.932,+81.186,+98.351,+100.811,+98.200,+102.359,+96.216,+100.549,+95.083,+103.648,+96.949,+95.511,+101.353,+104.366,+99.669,+97.813,+96.613,+98.807,+99.868,+103.444,+100.861,+103.202
0,431,+113.371,+106.513,+103.071,+93.983,+110.573,+108.832,+93.571,+109.366,+91.149,+92.051,+80.780,+92.782,+107.250,+89.387,+117.309,+140.415,+92.970,+88.592,+107.847,+104.968,+98.290,+99.771,+103.936,+100.646,+101.351,+100.702,+102.474,+95.687,+95.344,+96.645,+102.126,+100.863,+98.197,+96.597,+100.421,+97.257,+95.158,+99.450,+102.316,+100.225
0,432,+109.478,+122.292,+106.738,+77.520,+109.515,+109.603,+108.733,+82.596,+109.472,+103.714,+111.329,+124.076,+94.740,+94.608,+86.880,+108.355,+108.730,+128.062,+104.241,+103.742,+104.881,+103.046,+97.112,+102.576,+97.387,+101.985,+100.569,+100.401,+102.184,+101.668,+99.574,+103.010,+99.540,+104.231,+103.569,+104.810,+96.157,+95.262,+97.810,+99.249
0,433,+119.179,+108.871,+71.731,+114.939,+84.433,+90.715,+90.325,+90.345,+94.910,+116.815,+90.922,+113.419,+102.331,+101.841,+79.844,+99.363,+104.118,+117.896,+99.008,+100.440,+99.147,+95.833,+95.818,+102.377,+95.713,+101.883,+101.360,+98.736,+103.562,+102.299,+99.253,+98.910,+96.855,+95.839,+97.844,+98.258,+98.492,+100.440,+104.768,+99.772
0,434,+115.321,+111.040,+96.798,+111.863,+113.996,+114.588,+85.506,+99.281,+111.900,+86.465,+115.124,+86.142,+101.177,+104.144,+110.194,+88.413,+123.444,+88.993,+107.355,+111.513,+103.316,+98.371,+96.393,+97.953,+103.670,+97.341,+97.242,+104.001,+102.370,+96.909,+100.761,+97.048,+100.562,+96.536,+104.766,+97.987,+102.306,+97.981,+100.021,+99.944
0,435,+68.461,+110.487,+80.722,+109.674,+81.986,+110.689,+118.293,+122.000,+92.639,+98.327,+115.645,+98.764,+126.799,+111.678,+102.039,+112.519,+96.471,+85.664,+103.559,+102.664,+103.304,+103.142,+100.325,+102.818,+99.199,+99.032,+102.626,+101.204,+102.100,+104.424,+99.982,+101.026,+95.435,+95.336,+95.079,+97.805,+98.339,+98.967,+102.615,+100.342
0,436,+111.436,+105.509,+110.454,+109.440,+104.347,+87.592,+93.288,+119.375,+100.409,+86.925,+101.887,+107.422,+101.958,+93.986,+109.331,+112.991,+109.523,+90.431,+87.237,+100.422,+96.686,+98.382,+97.262,+104.597,+96.119,+101.052,+99.117,+104.081,+96.706,+102.016,+101.823,+100.296,+104.592,+102.127,+101.140,+98.402,+96.059,+97.328,+101.026,+96.428
0,437,+99.200,+119.774,+91.701,+94.303,+96.888,+98.380,+94.504,+113.167,+98.517,+93.877,+93.625,+120.001,+105.118,+100.096,+104.023,+92.925,+111.473,+106.947,+76.869,+106.909,+100.094,+98.198,+95.952,+104.734,+95.638,+101.071,+97.868,+96.245,+97.792,+98.140,+99.175,+98.629,+102.502,+103.606,+104.880,+96.148,+104.476,+98.499,+98.577,+100.867
0,438,+110.468,+128.736,+87.154,+83.618,+94.239,+103.597,+105.945,+79.590,+100.381,+107.177,+83.549,+105.923,+95.363,+99.796,+102.831,+125.768,+97.447,+130.146,+79.783,+91.945,+101.236,+97.143,+98.625,+97.909,+102.900,+98.361,+100.348,+98.925,+96.432,+100.671,+99.022,+98.881,+96.502,+100.919,+97.616,+98.507,+104.929,+97.404,+97.328,+102.887
0,439,+111.356,+118.265,+107.009,+94.420,+109.470,+104.843,+85.070,+92.210,+80.332,+92.100,+81.812,+88.570,+110.454,+95.162,+100.972,+66.097,+109.736,+108.148,+67.706,+79.539,+101.507,+101.252,+102.139,+98.092,+101.174,+97.168,+103.026,+97.248,+98.303,+104.560,+97.422,+100.175,+96.768,+103.110,+103.950,+102.915,+97.033,+103.481,+99.135,+97.607
0,440,+116.446,+111.435,+99.523,+87.547,+98.440,+97.207,+110.221,+99.862,+91.913,+116.960,+106.645,+92.758,+98.526,+98.948,+100.693,+80.032,+109.446,+94.098,+109.862,+105.278,+98.833,+103.693,+98.936,+98.424,+97.648,+102.348,+103.276,+102.875,+97.449,+101.364,+103.410,+100.741,+101.261,+104.200,+97.651,+96.705,+97.596,+102.398,+103.577,+104.659
0,441,+101.242,+109.499,+110.844,+92.116,+107.790,+75.809,+100.830,+82.503,+104.161,+86.229,+91.349,+94.230,+105.079,+128.502,+121.888,+105.862,+104.076,+83.069,+111.285,+102.265,+101.834,+102.649,+103.127,+101.805,+96.925,+96.665,+104.994,+102.108,+102.901,+102.482,+102.176,+99.473,+102.102,+98.430,+97.846,+95.430,+101.194,+99.408,+99.813,+100.547
0,442,+88.981,+104.260,+106.026,+103.273,+82.431,+95.566,+100.286,+107.974,+116.021,+101.729,+100.263,+98.219,+136.183,+103.057,+111.542,+123.959,+100.374,+97.911,+100.891,+122.884,+100.337,+96.080,+102.956,+96.844,+97.701,+95.924,+98.089,+97.489,+102.057,+104.910,+99.553,+99.325,+98.847,+102.805,+103.069,+95.613,+97.895,+95.536,+104.152,+96.058
0,443,+109.971,+107.344,+90.199,+103.333,+109.395,+122.706,+145.399,+116.732,+101.193,+106.189,+100.563,+91.569,+88.865,+82.406,+80.021,+116.770,+82.288,+104.030,+108.544,+98.831,+100.915,+97.683,+103.859,+97.910,+101.043,+97.307,+102.504,+96.742,+98.435,+96.815,+97.994,+98.546,+104.691,+99.334,+98.066,+96.200,+104.073,+99.764,+97.687,+103.805
0,444,+110.490,+83.582,+112.552,+88.976,+106.166,+103.318,+93.751,+107.313,+114.016,+109.339,+102.503,+78.817,+80.525,+102.350,+100.622,+96.346,+105.681,+117.098,+81.199,+110.821,+97.443,+100.450,+102.956,+98.055,+99.336,+96.287,+97.768,+100.442,+104.962,+95.717,+103.085,+103.802,+102.359,+95.727,+96.135,+99.328,+100.177,+95.237,+95.986,+97.662
0,445,+91.380,+93.777,+101.858,+99.012,+111.081,+103.507,+127.820,+106.867,+93.349,+99.201,+89.720,+86.622,+105.681,+97.977,+92.862,+116.486,+95.179,+98.362,+90.920,+105.562,+96.470,+95.235,+97.698,+97.878,+96.451,+95.864,+103.344,+98.884,+100.140,+97.325,+104.442,+98.770,+99.086,+96.024,+96.856,+104.916,+100.504,+97.092,+100.239,+101.666
0,446,+108.717,+111.050,+100.805,+92.373,+81.616,+116.998,+107.361,+104.155,+107.096,+100.029,+116.230,+102.574,+112.821,+106.146,+110.571,+103.539,+110.634,+108.114,+97.123,+95.025,+102.048,+98.734,+100.640,+104.703,+98.440,+104.391,+102.693,+100.486,+97.400,+103.985,+101.316,+102.396,+96.549,+96.553,+100.974,+100.391,+96.062,+104.843,+101.104,+104.075
0,447,+89.025,+99.427,+112.943,+113.925,+98.922,+116.335,+98.761,+91.712,+119.369,+89.744,+126.712,+85.099,+100.601,+103.832,+92.816,+94.722,+121.597,+77.412,+105.871,+97.624,+95.517,+99.530,+95.967,+96.507,+97.154,+96.899,+96.226,+99.362,+104.718,+96.101,+96.304,+102.413,+101.206,+104.842,+96.679,+103.662,+95.789,+99.612,+97.650,+99.802
0,448,+85.228,+94.003,+101.578,+65.573,+112.679,+78.486,+123.414,+98.807,+110.750,+87.598,+108.773,+103.268,+91.644,+103.245,+102.089,+113.469,+84.305,+95.350,+105.896,+94.424,+95.244,+101.078,+103.932,+102.257,+98.313,+98.244,+100.246,+97.120,+98.620,+97.145,+100.528,+95.018,+98.806,+101.508,+96.550,+103.197,+103.805,+100.430,+103.825,+97.776
0,449,+109.615,+87.890,+95.350,+108.772,+100.776,+129.832,+96.745,+68.725,+89.189,+100.906,+87.996,+104.006,+118.846,+101.249,+118.410,+104.687,+130.982,+108.901,+97.058,+82.070,+95.886,+104.410,+97.986,+96.244,+99.799,+104.592,+100.849,+95.817,+104.392,+101.388,+102.076,+99.342,+98.671,+102.646,+101.200,+102.396,+103.292,+103.374,+104.742,+104.345
0,450,+103.042,+89.756,+109.796,+126.026,+91.579,+92.867,+118.355,+90.185,+83.467,+111.355,+98.351,+114.228,+95.411,+127.273,+78.939,+109.397,+104.202,+106.326,+82.414,+102.745,+104.473,+101.524,+102.659,+96.666,+101.757,+101.431,+100.747,+103.445,+104.608,+98.655,+99.510,+96.913,+98.645,+97.079,+100.576,+101.984,+102.069,+99.649,+99.072,+95.163
0,451,+121.614,+101.959,+89.126,+97.157,+100.529,+101.306,+107.511,+114.287,+128.105,+84.375,+109.902,+102.169,+96.618,+114.007,+114.361,+97.932,+107.502,+101.001,+125.274,+108.149,+96.169,+101.171,+96.918,+99.163,+103.142,+98.757,+97.547,+104.684,+102.229,+99.307,+104.018,+102.386,+103.140,+97.681,+104.345,+95.976,+96.065,+97.585,+104.683,+95.301
0,452,+98.129,+96.618,+96.372,+90.228,+82.063,+109.931,+97.233,+95.525,+92.756,+83.134,+96.757,+90.223,+96.285,+117.510,+69.177,+118.036,+98.618,+116.716,+104.212,+88.462,+97.568,+95.235,+96.965,+97.260,+99.173,+96.325,+104.806,+100.812,+104.749,+99.697,+102.587,+99.142,+104.653,+99.960,+101.135,+100.986,+99.312,+103.043,+99.402,+96.430
0,453,+113.997,+97.489,+96.991,+78.978,+122.050,+116.694,+83.443,+120.462,+96.600,+79.393,+114.706,+93.153,+102.683,+104.941,+110.904,+110.448,+82.448,+105.936,+93.081,+101.324,+102.467,+98.434,+95.705,+102.748,+98.339,+101.262,+103.059,+97.917,+103.791,+102.370,+98.136,+96.235,+102.349,+98.957,+96.062,+99.044,+103.375,+104.481,+97.442,+98.511
0,454,+103.669,+96.059,+98.195,+79.412,+97.537,+110.441,+109.771,+97.645,+94.561,+105.548,+93.079,+83.624,+102.707,+127.834,+94.802,+107.522,+117.911,+89.620,+88.516,+97.424,+99.247,+99.167,+103.854,+104.778,+103.312,+103.850,+96.390,+101.808,+104.605,+98.868,+102.938,+101.403,+96.517,+99.521,+98.540,+99.470,+99.883,+96.225,+104.052,+96.317
0,455,+99.855,+99.194,+119.865,+103.413,+106.774,+85.730,+85.553,+102.032,+121.840,+95.891,+84.896,+99.073,+89.440,+109.311,+103.320,+114.340,+95.296,+111.668,+109.774,+110.448,+100.201,+100.719,+97.645,+100.420,+104.986,+102.908,+103.200,+99.301,+100.815,+96.552,+100.873,+99.008,+104.293,+104.596,+97.601,+100.783,+96.312,+95.118,+99.356,+96.335
0,456,+108.203,+83.890,+105.930,+71.108,+102.348,+97.387,+123.232,+97.155,+120.824,+108.611,+107.455,+98.625,+86.261,+100.076,+87.638,+105.001,+115.529,+107.499,+96.207,+121.133,+102.415,+104.645,+100.400,+100.545,+98.994,+95.512,+99.917,+97.213,+104.600,+100.718,+102.203,+99.754,+96.400,+97.177,+99.787,+104.194,+103.136,+101.738,+97.169,+100.849
0,457,+101.263,+104.255,+95.827,+104.018,+110.900,+110.369,+113.361,+97.791,+90.751,+109.915,+101.858,+105.198,+95.038,+104.758,+109.657,+113.071,+100.232,+112.810,+97.464,+87.253,+101.470,+96.386,+100.121,+97.042,+100.392,+97.580,+98.121,+103.123,+100.947,+102.051,+103.894,+103.603,+102.876,+97.833,+101.939,+97.209,+95.799,+99.542,+101.908,+97.098
0,458,+101.012,+93.896,+96.777,+118.408,+116.423,+110.235,+85.601,+86.181,+90.946,+105.945,+128.482,+84.590,+103.364,+86.694,+96.950,+120.114,+92.882,+68.767,+105.020,+87.033,+104.905,+101.463,+98.994,+98.712,+97.739,+98.537,+95.466,+95.956,+104.258,+101.199,+96.915,+101.185,+97.566,+97.855,+100.171,+99.219,+98.689,+102.323,+103.336,+104.527
0,459,+118.901,+77.928,+89.781,+115.597,+119.261,+93.559,+107.092,+107.493,+92.641,+109.279,+97.810,+109.206,+87.722,+96.052,+98.889,+92.069,+103.042,+80.212,+113.695,+94.100,+103.970,+101.284,+95.917,+98.767,+102.353,+97.366,+95.739,+99.668,+104.596,+102.696,+104.691,+101.852,+102.013,+98.591,+95.266,+95.120,+102.854,+104.729,+100.015,+97.701
0,460,+93.357,+119.421,+109.171,+98.634,+98.263,+115.624,+98.662,+109.108,+97.723,+107.874,+86.184,+108.329,+81.398,+91.476,+91.016,+122.554,+104.179,+94.055,+107.356,+120.781,+102.186,+102.974,+103.680,+95.816,+96.562,+96.927,+99.267,+104.588,+95.934,+102.131,+98.703,+98.744,+101.156,+103.750,+98.335,+95.381,+98.397,+98.197,+103.662,+95.245
0,461,+94.365,+107.252,+104.776,+83.056,+102.845,+95.565,+99.295,+98.212,+101.430,+112.941,+105.498,+98.806,+95.138,+103.667,+101.377,+106.836,+89.004,+92.556,+101.428,+109.908,+102.683,+100.030,+99.708,+97.582,+99.984,+101.504,+99.133,+102.761,+96.720,+104.284,+101.245,+98.988,+101.098,+104.880,+97.698,+95.906,+102.579,+104.557,+99.329,+102.206
0,462,+116.716,+88.134,+116.301,+107.053,+97.853,+97.735,+89.468,+128.686,+103.399,+118.114,+122.085,+127.337,+124.611,+90.816,+102.746,+104.961,+106.289,+97.805,+97.295,+99.775,+101.264,+97.358,+100.861,+95.221,+99.767,+100.127,+97.783,+96.850,+101.589,+103.791,+101.635,+102.631,+96.535,+100.649,+100.048,+97.141,+98.735,+99.547,+95.436,+103.545
0,463,+106.249,+89.593,+94.287,+110.848,+110.493,+101.169,+91.217,+103.065,+102.272,+115.293,+114.380,+110.543,+90.058,+98.113,+106.509,+91.939,+115.733,+104.561,+101.135,+108.395,+99.574,+104.778,+97.747,+102.867,+99.292,+100.553,+104.154,+100.014,+104.640,+100.551,+100.271,+103.336,+104.651,+99.949,+97.447,+102.633,+100.693,+100.797,+103.225,+100.878
0,464,+92.612,+111.332,+117.051,+121.338,+94.323,+85.464,+82.432,+90.901,+122.973,+93.111,+91.845,+125.126,+93.237,+112.010,+99.754,+84.225,+86.350,+96.087,+120.626,+107.567,+95.509,+97.495,+98.987,+98.967,+100.809,+98.425,+96.304,+100.552,+96.614,+97.759,+104.226,+104.711,+96.563,+102.650,+102.524,+100.736,+100.082,+96.514,+99.004,+102.168
0,465,+90.154,+119.448,+111.350,+115.385,+110.326,+86.467,+94.611,+85.086,+72.579,+98.351,+106.806,+134.525,+131.865,+109.517,+99.410,+115.495,+117.781,+122.659,+106.083,+104.632,+95.452,+103.007,+98.876,+104.119,+103.541,+103.647,+99.040,+104.209,+98.464,+102.602,+96.839,+104.564,+100.882,+99.926,+102.972,+99.822,+104.489,+103.300,+98.817,+104.195
0,466,+125.908,+118.298,+102.212,+80.964,+87.669,+112.517,+102.546,+96.009,+102.152,+112.337,+110.490,+101.615,+92.718,+102.146,+86.859,+111.132,+116.600,+101.551,+110.710,+85.429,+96.720,+104.484,+100.560,+96.872,+100.337,+103.428,+95.579,+95.316,+104.231,+99.341,+98.590,+95.484,+96.554,+100.385,+103.052,+100.717,+98.142,+101.208,+103.779,+101.720
0,467,+108.443,+112.435,+116.396,+108.314,+111.738,+92.859,+92.723,+79.489,+87.354,+87.130,+90.663,+107.199,+86.671,+96.645,+100.898,+95.210,+104.736,+103.566,+96.320,+105.473,+104.843,+104.383,+95.558,+104.913,+97.629,+99.395,+101.705,+96.939,+97.627,+104.931,+97.799,+100.756,+102.238,+98.206,+96.083,+103.562,+95.518,+102.321,+97.507,+99.856
0,468,+97.487,+124.474,+106.055,+73.146,+86.312,+113.325,+118.973,+97.328,+112.909,+66.446,+95.637,+99.701,+89.527,+109.071,+102.170,+98.502,+118.539,+88.683,+113.307,+119.985,+102.816,+98.313,+103.486,+102.507,+101.907,+100.452,+100.550,+104.510,+101.019,+96.999,+98.424,+102.153,+104.653,+100.674,+104.145,+100.099,+101.504,+98.658,+97.622,+104.611
0,469,+104.595,+92.292,+138.381,+85.107,+86.954,+112.292,+117.780,+119.186,+101.229,+106.845,+111.291,+91.664,+105.219,+115.523,+103.896,+113.520,+77.580,+121.073,+110.144,+116.813,+101.301,+100.469,+100.209,+99.248,+104.282,+99.757,+102.426,+103.050,+102.455,+95.092,+102.092,+103.144,+99.178,+98.333,+95.817,+96.251,+101.342,+101.401,+103.144,+95.436
0,470,+119.797,+104.304,+93.576,+119.614,+104.149,+123.933,+115.740,+91.966,+93.132,+117.179,+99.475,+98.973,+63.508,+132.875,+113.317,+110.797,+112.436,+101.045,+92.725,+86.565,+103.835,+96.912,+104.046,+98.581,+95.289,+103.127,+97.527,+104.669,+101.478,+96.257,+101.262,+95.774,+98.990,+98.348,+101.876,+99.988,+96.658,+98.617,+102.402,+103.029
0,471,+101.558,+112.202,+114.419,+83.402,+85.278,+96.802,+95.401,+91.526,+84.143,+107.959,+89.753,+86.629,+97.009,+109.633,+103.592,+98.764,+119.738,+66.326,+122.321,+122.304,+104.849,+104.839,+102.608,+98.792,+101.506,+103.481,+95.806,+96.876,+101.405,+98.148,+101.657,+100.521,+95.918,+104.393,+98.634,+95.358,+104.000,+104.253,+104.801,+102.375
0,472,+91.075,+103.101,+120.846,+103.995,+105.806,+121.157,+94.612,+102.343,+88.870,+106.697,+118.364,+82.649,+125.865,+81.254,+90.888,+112.448,+104.625,+116.840,+100.255,+108.012,+95.047,+101.824,+96.021,+101.658,+95.312,+97.400,+104.281,+104.558,+102.459,+97.870,+98.304,+97.557,+100.009,+103.891,+104.976,+103.176,+104.421,+97.046,+98.088,+99.683
0,473,+77.837,+97.379,+93.354,+113.691,+95.258,+79.706,+96.075,+110.985,+90.539,+120.528,+105.250,+109.938,+96.532,+91.972,+119.171,+138.560,+114.144,+99.872,+93.078,+108.661,+97.774,+102.114,+100.324,+97.526,+100.819,+97.599,+102.921,+98.949,+103.925,+101.133,+95.698,+101.482,+97.223,+101.132,+102.126,+104.030,+97.844,+104.956,+102.896,+97.779
0,474,+96.001,+84.169,+114.819,+99.688,+99.019,+93.819,+103.785,+107.622,+87.502,+120.728,+117.598,+108.161,+85.601,+108.022,+100.872,+83.347,+101.935,+115.258,+99.912,+100.023,+97.201,+99.062,+97.308,+102.947,+95.269,+97.456,+102.366,+101.136,+103.423,+99.073,+96.208,+104.853,+98.652,+100.870,+95.334,+101.867,+97.456,+95.505,+95.812,+100.521
0,475,+84.829,+110.252,+96.973,+143.574,+81.886,+113.343,+96.984,+95.385,+100.243,+112.101,+94.255,+113.447,+111.560,+98.852,+96.313,+106.505,+117.977,+90.197,+104.483,+106.915,+97.247,+97.759,+95.342,+101.602,+96.696,+102.408,+102.819,+97.575,+103.836,+101.722,+97.447,+100.784,+95.452,+97.188,+99.388,+97.535,+101.310,+97.972,+103.809,+99.415
0,476,+80.685,+115.606,+114.406,+103.055,+106.568,+96.680,+88.394,+108.492,+82.964,+102.716,+109.207,+112.960,+77.341,+108.910,+102.483,+93.810,+120.176,+106.630,+125.718,+78.279,+98.359,+102.253,+98.617,+101.829,+98.929,+99.980,+104.944,+98.617,+95.743,+98.808,+101.263,+98.316,+97.414,+101.308,+102.211,+95.280,+104.884,+104.423,+102.420,+98.118
0,477,+78.976,+90.231,+129.673,+102.386,+96.711,+107.966,+116.232,+108.526,+88.000,+97.008,+99.781,+113.677,+89.360,+136.306,+112.247,+107.811,+85.343,+109.749,+100.763,+108.620,+102.329,+104.108,+98.761,+104.998,+101.278,+99.636,+96.773,+103.185,+97.729,+102.241,+99.239,+99.638,+101.366,+102.919,+104.796,+95.884,+103.621,+100.120,+101.141,+97.960
0,478,+108.468,+105.470,+86.552,+95.652,+113.126,+91.385,+93.888,+99.246,+127.066,+127.632,+124.867,+88.879,+113.816,+74.033,+107.914,+94.334,+98.577,+101.730,+107.100,+116.284,+97.275,+96.638,+104.188,+104.290,+96.998,+101.608,+101.750,+104.566,+102.874,+104.693,+95.073,+96.148,+103.288,+100.273,+96.785,+100.009,+97.799,+104.755,+102.282,+102.772
0,479,+118.626,+112.589,+96.545,+77.469,+128.346,+110.192,+114.124,+92.791,+99.234,+115.460,+137.847,+119.314,+83.327,+112.886,+102.903,+84.505,+137.618,+100.159,+87.938,+117.069,+98.890,+100.087,+101.570,+101.645,+96.757,+95.334,+104.602,+104.667,+98.712,+97.600,+98.904,+98.597,+102.364,+104.367,+104.850,+99.971,+99.895,+100.174,+104.111,+95.995
0,480,+117.739,+83.826,+105.053,+104.457,+99.796,+97.006,+100.718,+107.096,+99.697,+114.257,+91.987,+102.269,+95.037,+92.911,+94.930,+111.830,+102.925,+104.220,+102.916,+98.271,+97.309,+101.949,+103.407,+97.378,+104.385,+101.283,+99.143,+98.156,+98.012,+100.418,+95.993,+101.327,+101.753,+102.426,+104.424,+100.558,+96.527,+99.011,+96.972,+97.130
0,481,+94.882,+100.483,+104.325,+81.782,+107.900,+96.009,+98.156,+123.494,+104.287,+97.724,+109.671,+98.872,+100.965,+93.618,+91.840,+102.948,+83.005,+99.162,+109.974,+90.689,+100.546,+96.260,+101.795,+102.999,+103.799,+99.777,+103.909,+97.533,+103.412,+96.074,+103.045,+102.961,+101.401,+98.272,+103.261,+96.588,+96.948,+97.650,+104.706,+104.848
0,482,+112.198,+122.341,+100.299,+95.789,+86.844,+98.386,+90.011,+110.108,+93.424,+113.407,+115.893,+96.606,+127.196,+128.030,+128.149,+96.730,+111.455,+89.653,+86.848,+106.578,+98.623,+101.905,+96.867,+95.443,+101.602,+102.865,+104.421,+103.855,+101.609,+95.502,+104.731,+104.745,+97.346,+99.896,+97.139,+101.640,+98.015,+99.802,+100.278,+104.289
0,483,+99.468,+119.052,+106.693,+83.558,+89.887,+90.566,+109.200,+86.941,+117.945,+89.717,+113.437,+98.929,+87.072,+115.294,+127.254,+89.612,+95.919,+74.713,+98.034,+90.642,+95.514,+98.357,+96.372,+99.491,+99.714,+98.517,+96.096,+101.083,+103.907,+101.269,+97.717,+97.561,+96.472,+102.342,+99.936,+99.436,+97.911,+102.597,+99.705,+97.269
0,484,+109.171,+87.613,+83.628,+107.525,+112.553,+104.682,+110.647,+99.902,+107.047,+114.687,+107.798,+117.723,+90.068,+109.703,+73.150,+107.807,+114.679,+98.923,+113.816,+128.861,+101.115,+95.699,+96.369,+103.329,+95.353,+102.201,+103.326,+98.469,+98.524,+98.135,+100.078,+96.530,+104.525,+101.746,+96.255,+101.182,+95.261,+98.085,+103.123,+95.214
0,485,+105.441,+99.662,+108.109,+104.822,+95.485,+107.883,+68.801,+94.231,+115.027,+106.165,+123.699,+97.754,+100.258,+124.389,+138.147,+100.561,+111.630,+103.013,+105.529,+101.144,+97.209,+95.272,+100.055,+99.051,+98.674,+96.257,+96.941,+97.875,+97.826,+100.353,+101.697,+101.740,+99.615,+101.741,+100.841,+96.830,+96.787,+104.642,+101.138,+96.156
0,486,+116.798,+109.696,+87.636,+103.486,+108.552,+78.478,+91.411,+110.116,+93.449,+112.037,+84.593,+93.555,+114.551,+103.778,+110.438,+111.951,+100.696,+84.733,+100.863,+114.358,+96.414,+98.972,+97.587,+100.295,+103.800,+101.859,+95.501,+102.286,+99.120,+100.244,+102.666,+104.150,+101.494,+103.447,+99.280,+103.113,+98.464,+99.356,+103.518,+100.084
0,487,+96.616,+91.298,+95.123,+88.609,+91.162,+108.834,+98.816,+111.724,+124.505,+101.749,+117.442,+94.543,+94.855,+95.867,+110.873,+119.747,+100.742,+105.336,+96.696,+89.151,+100.096,+101.446,+97.979,+102.992,+103.301,+97.338,+100.906,+99.689,+104.651,+95.535,+96.807,+100.896,+97.245,+97.093,+102.969,+95.467,+98.084,+104.667,+104.421,+104.428
0,488,+108.610,+120.897,+99.899,+106.352,+108.019,+118.143,+106.573,+84.673,+88.398,+103.972,+92.532,+103.356,+89.796,+91.594,+92.636,+104.805,+83.284,+94.713,+107.635,+103.373,+104.092,+103.973,+103.027,+96.909,+100.892,+98.504,+101.208,+97.691,+97.083,+96.750,+96.217,+101.909,+95.400,+97.706,+98.531,+97.898,+103.253,+97.303,+102.544,+101.025
0,489,+86.887,+98.134,+99.518,+105.098,+107.842,+100.817,+96.027,+115.649,+117.701,+84.082,+98.587,+120.529,+115.151,+100.286,+96.886,+102.019,+105.875,+87.837,+94.614,+115.479,+100.405,+99.226,+104.866,+103.273,+103.704,+95.785,+100.431,+97.943,+98.408,+99.005,+104.273,+103.434,+96.512,+96.240,+101.292,+100.336,+102.079,+99.191,+99.570,+104.458
0,490,+110.336,+100.246,+84.040,+101.582,+123.198,+109.832,+105.753,+100.033,+111.614,+111.280,+89.834,+123.401,+86.140,+100.497,+103.519,+99.707,+105.477,+103.275,+104.884,+111.066,+104.360,+99.933,+101.589,+100.033,+100.850,+103.301,+102.344,+100.066,+95.851,+95.439,+99.030,+96.313,+96.186,+97.776,+96.634,+96.184,+104.117,+96.317,+103.185,+97.148
0,491,+96.824,+67.965,+92.494,+111.635,+86.176,+109.198,+78.041,+95.328,+96.412,+80.095,+114.933,+92.274,+104.893,+124.231,+111.863,+107.543,+122.836,+98.007,+113.977,+106.440,+96.398,+95.932,+103.527,+96.719,+95.857,+100.127,+98.970,+100.786,+103.762,+104.071,+100.248,+95.623,+97.004,+104.895,+97.952,+103.505,+95.269,+95.593,+100.927,+101.804
0,492,+105.025,+83.494,+104.741,+88.773,+113.261,+121.669,+98.677,+72.827,+108.107,+81.384,+102.803,+101.314,+93.379,+114.773,+127.464,+114.550,+113.795,+108.024,+120.597,+94.198,+104.237,+104.943,+100.865,+96.648,+100.818,+104.923,+101.788,+103.879,+104.028,+96.968,+98.886,+104.623,+97.589,+99.201,+96.541,+104.882,+103.080,+101.718,+99.114,+95.401
0,493,+119.732,+110.008,+91.945,+81.820,+103.494,+111.469,+101.014,+93.654,+102.084,+100.518,+100.846,+111.823,+91.718,+113.401,+105.023,+99.508,+108.596,+95.797,+101.597,+122.882,+95.665,+99.960,+99.910,+101.158,+100.314,+99.583,+99.976,+102.186,+102.299,+100.261,+96.729,+99.296,+104.953,+104.987,+104.156,+102.569,+100.018,+102.047,+98.928,+100.480
0,494,+97.522,+103.537,+98.493,+86.304,+98.004,+86.129,+115.124,+100.209,+130.379,+116.126,+107.033,+79.716,+96.745,+117.592,+117.839,+91.340,+108.157,+99.335,+104.603,+115.449,+100.392,+99.528,+96.285,+98.864,+96.247,+96.938,+96.304,+104.622,+97.969,+100.212,+102.562,+96.248,+99.321,+98.331,+102.436,+95.242,+96.919,+97.290,+96.493,+101.170
0,495,+102.431,+108.349,+105.873,+110.237,+89.805,+84.886,+84.467,+124.099,+93.031,+102.956,+106.503,+93.931,+90.975,+113.061,+99.028,+95.179,+93.315,+111.447,+109.429,+97.152,+101.838,+100.198,+101.004,+104.353,+103.352,+100.600,+100.563,+100.357,+98.523,+104.271,+97.407,+95.574,+96.574,+102.397,+102.804,+100.210,+98.157,+99.714,+97.561,+96.806
0,496,+111.352,+114.155,+124.394,+88.614,+118.760,+101.546,+93.231,+94.959,+101.651,+114.301,+105.624,+103.664,+115.254,+107.226,+91.280,+89.566,+88.383,+130.402,+99.183,+107.953,+100.955,+98.211,+100.825,+103.408,+100.679,+100.679,+100.914,+103.032,+95.515,+103.535,+101.402,+103.206,+102.859,+95.623,+96.569,+101.883,+104.791,+104.710,+104.120,+99.280
0,497,+119.488,+115.403,+113.512,+93.480,+97.479,+106.867,+107.935,+77.973,+89.555,+95.518,+101.549,+113.235,+112.099,+123.521,+115.000,+120.520,+101.001,+111.336,+100.802,+101.711,+98.058,+97.377,+102.441,+100.318,+104.046,+101.820,+103.462,+98.840,+99.419,+101.400,+101.501,+101.913,+96.232,+101.513,+101.524,+97.066,+97.109,+104.521,+96.633,+96.695
0,498,+87.090,+116.541,+84.245,+96.972,+107.612,+104.468,+107.983,+127.100,+102.054,+106.292,+87.006,+94.441,+102.133,+117.748,+104.595,+101.876,+113.728,+88.578,+104.029,+107.706,+98.436,+95.221,+99.996,+102.845,+97.518,+98.383,+104.478,+101.617,+102.476,+102.994,+99.824,+100.593,+100.770,+99.465,+98.609,+98.225,+96.389,+102.884,+103.085,+97.563
0,499,+112.317,+103.681,+113.496,+109.364,+99.544,+123.677,+102.807,+103.394,+96.868,+124.406,+87.875,+101.243,+95.284,+98.586,+124.505,+115.648,+96.212,+105.373,+105.110,+100.790,+104.031,+96.220,+101.588,+98.649,+103.443,+95.526,+101.528,+98.401,+104.409,+100.639,+98.317,+100.501,+95.190,+96.067,+98.394,+100.310,+101.152,+98.139,+101.700,+104.996
